#initial state is fixed to 0 the format of output is the following
#/number of the automaton
#number of states
#id of initial state (-1 if none)
#number of final states followed by final states enumeration
#number of transitions followed by its enumeration
#from_state to_state character
#begin of output:

/1
4
0
1
2
9
0 1 0
1 3 0
1 1 1
1 2 1
2 0 0
2 3 1
3 0 0
3 3 0
3 3 1
7
0
1
4
14
0 1 0
0 2 1
1 3 0
1 4 1
2 2 0
2 2 1
3 5 0
3 3 1
4 5 0
4 4 1
5 6 0
5 3 1
6 6 0
6 4 1
----
/2
4
0
1
2
15
0 2 0
0 3 0
0 1 1
0 2 1
0 3 1
1 0 0
1 2 0
1 3 0
2 2 0
2 3 0
2 1 1
2 3 1
3 0 0
3 2 0
3 1 1
6
0
2
1
2
12
0 1 0
0 1 1
1 2 0
1 3 1
2 2 0
2 1 1
3 2 0
3 4 1
4 2 0
4 5 1
5 5 0
5 5 1
----
/3
4
0
1
2
13
0 0 0
0 1 0
0 3 0
0 1 1
0 2 1
0 3 1
1 0 1
1 1 1
1 3 1
2 0 1
3 2 0
3 3 0
3 2 1
6
0
4
2
3
4
5
12
0 1 0
0 2 1
1 3 0
1 3 1
2 4 0
2 3 1
3 3 0
3 3 1
4 4 0
4 5 1
5 1 0
5 3 1
----
/4
4
0
1
3
14
0 0 0
0 3 0
0 3 1
1 2 1
1 3 1
2 0 0
2 2 0
2 3 0
2 0 1
2 1 1
3 1 0
3 2 0
3 3 0
3 1 1
7
0
3
1
2
5
14
0 1 0
0 2 1
1 1 0
1 1 1
2 1 0
2 3 1
3 4 0
3 5 1
4 4 0
4 4 1
5 1 0
5 6 1
6 1 0
6 5 1
----
/5
4
0
1
0
12
0 1 0
0 2 0
0 1 1
0 2 1
1 3 0
1 1 1
1 3 1
2 3 0
2 0 1
2 3 1
3 2 0
3 1 1
8
0
2
0
3
16
0 1 0
0 1 1
1 2 0
1 3 1
2 4 0
2 5 1
3 6 0
3 6 1
4 2 0
4 0 1
5 2 0
5 7 1
6 6 0
6 3 1
7 6 0
7 7 1
----
/6
4
0
1
3
17
0 0 1
0 2 1
1 1 0
1 2 0
1 3 0
1 0 1
1 2 1
1 3 1
2 0 0
2 1 0
2 2 0
2 1 1
3 0 0
3 1 0
3 2 0
3 3 0
3 1 1
5
0
1
4
10
0 1 0
0 2 1
1 1 0
1 1 1
2 3 0
2 3 1
3 4 0
3 4 1
4 4 0
4 4 1
----
/7
4
0
2
2
3
14
0 2 0
0 3 0
0 1 1
1 0 0
1 1 0
1 1 1
1 2 1
1 3 1
2 0 1
2 2 1
3 0 0
3 3 0
3 0 1
3 1 1
6
0
3
1
3
4
12
0 1 0
0 2 1
1 3 0
1 4 1
2 5 0
2 4 1
3 4 0
3 5 1
4 4 0
4 4 1
5 4 0
5 4 1
----
/8
4
0
1
0
15
0 1 0
0 0 1
0 1 1
1 0 0
1 2 0
1 3 0
1 2 1
1 3 1
2 1 0
2 2 0
3 1 0
3 2 0
3 0 1
3 1 1
3 2 1
6
0
3
0
2
3
12
0 1 0
0 2 1
1 3 0
1 4 1
2 2 0
2 2 1
3 5 0
3 2 1
4 5 0
4 2 1
5 2 0
5 4 1
----
/9
4
0
2
2
3
11
0 2 0
0 3 0
1 2 0
1 1 1
1 2 1
2 1 0
2 3 0
2 1 1
3 0 0
3 3 0
3 0 1
7
0
4
1
3
5
6
14
0 1 0
0 2 1
1 3 0
1 4 1
2 2 0
2 2 1
3 5 0
3 6 1
4 1 0
4 6 1
5 6 0
5 4 1
6 6 0
6 6 1
----
/10
4
0
2
2
3
13
0 0 0
0 2 1
1 0 0
1 1 0
1 2 0
1 0 1
1 1 1
2 1 0
2 1 1
2 3 1
3 0 0
3 1 0
3 3 0
6
0
3
1
3
4
12
0 0 0
0 1 1
1 2 0
1 3 1
2 4 0
2 5 1
3 4 0
3 5 1
4 4 0
4 4 1
5 4 0
5 4 1
----
/11
4
0
1
0
16
0 0 0
0 1 0
0 2 0
0 3 1
1 1 0
1 3 0
1 0 1
1 1 1
1 2 1
2 0 0
2 2 0
2 0 1
3 2 0
3 3 0
3 1 1
3 3 1
5
0
2
0
1
10
0 1 0
0 2 1
1 1 0
1 1 1
2 3 0
2 4 1
3 1 0
3 1 1
4 3 0
4 1 1
----
/12
4
0
1
2
18
0 0 0
0 1 0
0 1 1
0 3 1
1 1 0
1 3 0
1 0 1
1 1 1
1 3 1
2 2 1
2 3 1
3 0 0
3 1 0
3 2 0
3 3 0
3 0 1
3 2 1
3 3 1
4
0
1
3
8
0 1 0
0 2 1
1 2 0
1 2 1
2 3 0
2 3 1
3 3 0
3 3 1
----
/13
4
0
1
0
13
0 1 0
0 2 1
1 2 0
1 1 1
1 2 1
2 2 0
2 3 0
2 3 1
3 2 0
3 0 1
3 1 1
3 2 1
3 3 1
7
0
2
0
6
14
0 1 0
0 2 1
1 2 0
1 3 1
2 4 0
2 5 1
3 4 0
3 4 1
4 4 0
4 6 1
5 2 0
5 6 1
6 4 0
6 6 1
----
/14
4
0
1
0
11
0 2 0
0 2 1
1 1 0
1 0 1
2 1 0
2 3 0
2 1 1
3 0 0
3 1 0
3 1 1
3 3 1
11
0
6
0
4
5
7
8
9
22
0 1 0
0 1 1
1 2 0
1 3 1
2 4 0
2 5 1
3 3 0
3 0 1
4 6 0
4 7 1
5 8 0
5 9 1
6 2 0
6 4 1
7 10 0
7 6 1
8 10 0
8 8 1
9 9 0
9 9 1
10 5 0
10 5 1
----
/15
4
0
1
2
14
0 0 0
0 1 0
0 0 1
0 3 1
1 3 0
1 1 1
2 0 0
2 1 0
2 2 0
2 3 0
2 0 1
2 3 1
3 0 0
3 2 1
5
0
1
4
10
0 1 0
0 2 1
1 3 0
1 3 1
2 1 0
2 4 1
3 3 0
3 4 1
4 4 0
4 4 1
----
/16
4
0
1
2
14
0 1 0
0 2 1
1 3 0
1 1 1
1 2 1
1 3 1
2 1 0
2 3 0
2 0 1
3 0 0
3 1 0
3 3 0
3 0 1
3 3 1
6
0
2
2
4
12
0 1 0
0 2 1
1 3 0
1 4 1
2 5 0
2 0 1
3 5 0
3 5 1
4 5 0
4 4 1
5 5 0
5 4 1
----
/17
4
0
1
3
19
0 0 0
0 1 0
0 0 1
0 3 1
1 0 0
1 1 0
1 2 0
1 1 1
1 2 1
2 0 0
2 1 0
2 2 0
2 3 0
2 2 1
3 0 0
3 1 0
3 2 0
3 3 0
3 3 1
4
0
1
2
8
0 1 0
0 2 1
1 3 0
1 2 1
2 2 0
2 2 1
3 2 0
3 2 1
----
/18
4
0
1
3
20
0 0 0
0 2 0
0 0 1
0 1 1
0 2 1
1 0 0
1 1 0
1 3 0
1 0 1
2 1 0
2 2 0
2 0 1
2 1 1
2 2 1
2 3 1
3 0 0
3 2 0
3 3 0
3 2 1
3 3 1
4
0
1
3
8
0 1 0
0 2 1
1 2 0
1 3 1
2 3 0
2 3 1
3 3 0
3 3 1
----
/19
4
0
1
2
18
0 0 0
0 3 0
0 0 1
0 1 1
1 1 0
1 3 0
1 0 1
1 2 1
2 0 0
2 3 0
2 0 1
2 3 1
3 0 0
3 1 0
3 2 0
3 3 0
3 0 1
3 2 1
5
0
2
3
4
10
0 1 0
0 2 1
1 3 0
1 4 1
2 1 0
2 4 1
3 3 0
3 3 1
4 1 0
4 3 1
----
/20
4
0
1
0
19
0 2 0
0 1 1
0 2 1
0 3 1
1 1 0
1 3 0
1 0 1
1 1 1
1 2 1
2 1 0
2 2 0
2 0 1
2 2 1
3 0 0
3 2 0
3 3 0
3 0 1
3 1 1
3 3 1
7
0
4
0
4
5
6
14
0 1 0
0 2 1
1 3 0
1 4 1
2 5 0
2 5 1
3 2 0
3 6 1
4 3 0
4 5 1
5 5 0
5 5 1
6 2 0
6 5 1
----
/21
4
0
3
0
1
3
14
0 0 0
0 1 0
0 3 0
0 1 1
0 3 1
1 3 0
1 1 1
1 2 1
2 0 1
2 1 1
2 2 1
3 2 0
3 2 1
3 3 1
9
0
7
0
1
2
3
4
5
8
18
0 1 0
0 2 1
1 3 0
1 4 1
2 5 0
2 4 1
3 3 0
3 3 1
4 5 0
4 3 1
5 6 0
5 3 1
6 7 0
6 8 1
7 7 0
7 7 1
8 1 0
8 3 1
----
/22
4
0
1
3
16
0 1 0
0 2 1
1 0 0
1 1 0
1 2 0
1 3 0
1 0 1
1 1 1
1 3 1
2 1 0
2 0 1
2 1 1
2 3 1
3 1 0
3 3 0
3 0 1
4
0
1
3
8
0 1 0
0 2 1
1 3 0
1 3 1
2 1 0
2 3 1
3 3 0
3 3 1
----
/23
4
0
2
1
3
13
0 2 1
0 3 1
1 0 0
1 3 0
1 1 1
1 2 1
2 0 0
2 3 0
2 0 1
2 1 1
2 2 1
3 2 0
3 1 1
7
0
4
2
3
4
5
14
0 1 0
0 2 1
1 1 0
1 1 1
2 3 0
2 4 1
3 3 0
3 3 1
4 5 0
4 3 1
5 6 0
5 2 1
6 5 0
6 4 1
----
/24
4
0
2
0
3
14
0 2 0
0 0 1
0 1 1
0 2 1
1 0 0
1 0 1
1 1 1
2 0 0
2 3 0
2 3 1
3 1 0
3 1 1
3 2 1
3 3 1
7
0
4
0
2
3
4
14
0 1 0
0 2 1
1 3 0
1 4 1
2 2 0
2 2 1
3 5 0
3 2 1
4 6 0
4 2 1
5 3 0
5 2 1
6 0 0
6 2 1
----
/25
4
0
3
0
1
3
12
0 1 0
0 2 0
0 0 1
0 3 1
1 2 0
1 0 1
1 3 1
2 1 1
3 0 0
3 1 0
3 0 1
3 3 1
5
0
3
0
1
2
10
0 1 0
0 2 1
1 3 0
1 2 1
2 0 0
2 2 1
3 4 0
3 1 1
4 4 0
4 4 1
----
/26
4
0
2
1
3
16
0 1 0
0 3 0
0 1 1
0 3 1
1 0 0
1 1 0
1 2 0
1 3 0
1 3 1
2 1 0
2 0 1
2 1 1
2 3 1
3 0 0
3 1 0
3 2 0
6
0
4
1
2
3
4
12
0 1 0
0 1 1
1 2 0
1 3 1
2 2 0
2 4 1
3 2 0
3 5 1
4 2 0
4 1 1
5 5 0
5 5 1
----
/27
4
0
1
1
15
0 1 0
0 3 0
0 0 1
0 2 1
0 3 1
1 0 1
1 2 1
2 2 0
2 0 1
2 1 1
2 2 1
2 3 1
3 0 0
3 0 1
3 2 1
6
0
3
1
4
5
12
0 1 0
0 2 1
1 0 0
1 3 1
2 4 0
2 4 1
3 5 0
3 4 1
4 4 0
4 4 1
5 3 0
5 4 1
----
/28
4
0
1
0
14
0 1 0
0 3 0
1 1 0
1 2 0
1 3 0
1 0 1
2 0 0
2 1 0
2 3 0
2 2 1
3 1 0
3 2 0
3 3 0
3 3 1
9
0
4
0
4
5
6
18
0 1 0
0 2 1
1 3 0
1 4 1
2 2 0
2 2 1
3 5 0
3 6 1
4 3 0
4 7 1
5 5 0
5 6 1
6 5 0
6 8 1
7 3 0
7 7 1
8 5 0
8 8 1
----
/29
4
0
1
2
13
0 0 0
0 3 0
0 2 1
0 3 1
1 2 0
2 1 0
2 2 0
2 3 0
2 1 1
2 3 1
3 0 0
3 1 0
3 3 1
7
0
2
2
4
14
0 1 0
0 2 1
1 3 0
1 2 1
2 4 0
2 5 1
3 4 0
3 2 1
4 4 0
4 2 1
5 4 0
5 6 1
6 3 0
6 6 1
----
/30
4
0
1
2
15
0 0 0
0 3 1
1 0 0
1 1 0
1 0 1
1 1 1
1 3 1
2 1 0
2 2 0
2 1 1
2 2 1
2 3 1
3 1 0
3 2 0
3 1 1
5
0
1
2
10
0 0 0
0 1 1
1 2 0
1 3 1
2 2 0
2 2 1
3 3 0
3 4 1
4 2 0
4 4 1
----
/31
4
0
1
1
13
0 1 0
0 0 1
0 1 1
0 3 1
1 3 0
1 2 1
2 1 0
2 0 1
2 2 1
2 3 1
3 1 0
3 2 0
3 1 1
8
0
4
1
2
5
7
16
0 1 0
0 2 1
1 3 0
1 4 1
2 2 0
2 2 1
3 5 0
3 1 1
4 1 0
4 6 1
5 7 0
5 6 1
6 5 0
6 2 1
7 2 0
7 5 1
----
/32
4
0
1
0
9
0 3 0
0 1 1
1 2 0
1 3 0
1 0 1
2 1 1
3 0 0
3 1 0
3 3 0
7
0
3
0
3
6
14
0 1 0
0 2 1
1 3 0
1 4 1
2 5 0
2 0 1
3 3 0
3 6 1
4 4 0
4 4 1
5 3 0
5 2 1
6 5 0
6 6 1
----
/33
4
0
2
0
1
12
0 3 0
0 0 1
0 1 1
0 2 1
1 2 0
1 3 0
1 0 1
1 2 1
2 1 0
2 3 0
3 2 1
3 3 1
8
0
5
0
2
5
6
7
16
0 1 0
0 2 1
1 3 0
1 4 1
2 5 0
2 2 1
3 3 0
3 3 1
4 6 0
4 4 1
5 5 0
5 7 1
6 4 0
6 7 1
7 6 0
7 2 1
----
/34
4
0
1
1
14
0 3 0
0 3 1
1 0 0
1 3 0
1 1 1
2 0 0
2 2 0
2 3 0
2 0 1
2 1 1
2 3 1
3 3 0
3 0 1
3 2 1
7
0
2
4
5
14
0 1 0
0 1 1
1 1 0
1 2 1
2 3 0
2 4 1
3 3 0
3 5 1
4 6 0
4 5 1
5 3 0
5 5 1
6 1 0
6 3 1
----
/35
4
0
1
1
13
0 3 0
0 2 1
1 0 0
1 1 0
1 2 0
1 2 1
1 3 1
2 0 1
2 1 1
2 2 1
3 0 0
3 1 1
3 2 1
5
0
1
3
10
0 1 0
0 2 1
1 0 0
1 3 1
2 4 0
2 3 1
3 3 0
3 3 1
4 4 0
4 4 1
----
/36
4
0
1
3
16
0 0 0
0 0 1
0 1 1
1 0 0
1 3 0
1 0 1
1 2 1
1 3 1
2 0 0
2 1 0
2 3 0
2 0 1
2 2 1
3 2 0
3 1 1
3 3 1
6
0
2
2
3
12
0 0 0
0 1 1
1 2 0
1 3 1
2 4 0
2 3 1
3 3 0
3 3 1
4 3 0
4 5 1
5 3 0
5 3 1
----
/37
4
0
2
0
2
17
0 2 0
0 1 1
0 2 1
0 3 1
1 3 0
1 1 1
1 3 1
2 1 0
2 1 1
2 2 1
2 3 1
3 1 0
3 2 0
3 3 0
3 0 1
3 1 1
3 2 1
5
0
3
0
1
2
10
0 1 0
0 2 1
1 3 0
1 2 1
2 2 0
2 2 1
3 4 0
3 4 1
4 2 0
4 2 1
----
/38
4
0
1
2
17
0 1 0
0 1 1
1 1 0
1 3 0
1 0 1
1 1 1
1 3 1
2 2 0
2 3 0
2 1 1
3 0 0
3 1 0
3 2 0
3 0 1
3 1 1
3 2 1
3 3 1
4
0
1
3
8
0 1 0
0 1 1
1 2 0
1 2 1
2 3 0
2 3 1
3 3 0
3 3 1
----
/39
4
0
1
0
16
0 0 0
0 1 0
0 3 0
0 2 1
1 0 0
1 2 0
1 2 1
2 1 0
2 0 1
2 1 1
2 3 1
3 0 0
3 1 0
3 2 0
3 2 1
3 3 1
7
0
4
0
1
3
6
14
0 1 0
0 2 1
1 3 0
1 4 1
2 5 0
2 1 1
3 3 0
3 3 1
4 3 0
4 3 1
5 6 0
5 2 1
6 1 0
6 3 1
----
/40
4
0
1
3
18
0 2 0
0 3 0
0 0 1
0 1 1
1 0 0
1 1 0
1 2 0
1 3 0
1 2 1
2 0 0
2 1 0
2 0 1
2 1 1
2 3 1
3 0 0
3 3 0
3 0 1
3 2 1
6
0
3
1
3
4
12
0 1 0
0 2 1
1 3 0
1 4 1
2 4 0
2 5 1
3 4 0
3 5 1
4 4 0
4 4 1
5 4 0
5 4 1
----
/41
4
0
4
0
1
2
3
13
0 0 0
0 2 0
0 3 0
1 0 0
1 2 0
1 3 0
1 2 1
2 0 0
2 3 0
2 0 1
3 0 0
3 0 1
3 1 1
5
0
4
0
1
3
4
10
0 1 0
0 2 1
1 1 0
1 3 1
2 2 0
2 2 1
3 1 0
3 4 1
4 1 0
4 0 1
----
/42
4
0
1
1
14
0 0 0
0 2 0
1 0 0
1 3 0
1 0 1
1 1 1
1 2 1
2 0 0
2 0 1
2 1 1
3 0 0
3 1 0
3 1 1
3 2 1
5
0
1
3
10
0 1 0
0 2 1
1 1 0
1 3 1
2 2 0
2 2 1
3 4 0
3 3 1
4 3 0
4 3 1
----
/43
4
0
1
1
10
0 1 0
1 0 0
1 2 0
1 0 1
2 0 0
2 1 0
2 3 0
2 0 1
3 0 1
3 2 1
7
0
4
1
4
5
6
14
0 1 0
0 2 1
1 3 0
1 0 1
2 2 0
2 2 1
3 4 0
3 0 1
4 5 0
4 3 1
5 6 0
5 0 1
6 6 0
6 3 1
----
/44
4
0
1
2
14
0 3 0
0 1 1
1 0 0
1 1 0
1 2 0
1 3 0
1 1 1
1 2 1
2 0 0
2 3 0
2 0 1
3 0 0
3 2 1
3 3 1
7
0
3
3
4
6
14
0 1 0
0 2 1
1 0 0
1 3 1
2 4 0
2 4 1
3 5 0
3 6 1
4 4 0
4 4 1
5 5 0
5 4 1
6 5 0
6 4 1
----
/45
4
0
2
1
2
11
0 0 0
0 1 1
0 2 1
1 0 0
1 3 1
2 0 0
2 1 0
2 3 0
2 3 1
3 0 0
3 1 0
6
0
3
1
2
4
12
0 0 0
0 1 1
1 2 0
1 3 1
2 4 0
2 1 1
3 4 0
3 5 1
4 0 0
4 1 1
5 5 0
5 5 1
----
/46
4
0
2
1
3
12
0 0 0
0 1 0
0 2 0
0 3 0
0 1 1
1 2 0
1 0 1
1 2 1
2 3 0
2 0 1
2 2 1
3 0 1
7
0
3
1
2
5
14
0 1 0
0 2 1
1 1 0
1 1 1
2 3 0
2 4 1
3 5 0
3 4 1
4 1 0
4 1 1
5 6 0
5 0 1
6 6 0
6 6 1
----
/47
4
0
2
2
3
13
0 2 0
1 0 0
1 1 0
1 0 1
1 1 1
2 0 0
2 1 0
2 3 1
3 0 0
3 1 0
3 2 0
3 3 0
3 0 1
7
0
4
1
4
5
6
14
0 1 0
0 2 1
1 3 0
1 4 1
2 2 0
2 2 1
3 5 0
3 3 1
4 5 0
4 0 1
5 5 0
5 6 1
6 5 0
6 3 1
----
/48
4
0
1
2
14
0 2 0
0 0 1
0 1 1
0 2 1
0 3 1
1 2 0
1 3 0
1 2 1
2 1 0
2 2 1
3 1 0
3 2 0
3 3 0
3 0 1
7
0
5
1
2
4
5
6
14
0 1 0
0 2 1
1 3 0
1 1 1
2 4 0
2 2 1
3 4 0
3 1 1
4 4 0
4 5 1
5 6 0
5 2 1
6 4 0
6 1 1
----
/49
4
0
2
0
2
10
0 1 1
0 3 1
1 0 0
1 0 1
1 1 1
1 3 1
2 1 0
2 0 1
2 3 1
3 2 0
6
0
3
0
3
4
12
0 1 0
0 2 1
1 1 0
1 1 1
2 3 0
2 4 1
3 5 0
3 4 1
4 3 0
4 4 1
5 0 0
5 4 1
----
/50
4
0
1
0
13
0 0 0
0 2 1
1 0 0
1 2 0
1 3 0
1 3 1
2 0 0
2 0 1
2 2 1
2 3 1
3 1 0
3 1 1
3 3 1
6
0
4
0
2
3
4
12
0 0 0
0 1 1
1 0 0
1 2 1
2 3 0
2 4 1
3 2 0
3 5 1
4 4 0
4 4 1
5 3 0
5 4 1
----
/51
4
0
1
2
14
0 0 0
0 1 0
0 3 0
0 1 1
0 3 1
1 1 1
1 2 1
1 3 1
2 0 0
2 3 0
2 1 1
2 2 1
2 3 1
3 2 0
6
0
2
3
4
12
0 1 0
0 2 1
1 3 0
1 3 1
2 4 0
2 3 1
3 3 0
3 3 1
4 5 0
4 3 1
5 3 0
5 2 1
----
/52
4
0
3
0
2
3
11
0 2 0
0 2 1
0 3 1
1 0 0
1 3 1
2 0 0
2 2 0
2 1 1
3 0 0
3 0 1
3 3 1
5
0
4
0
1
2
4
10
0 1 0
0 2 1
1 2 0
1 3 1
2 2 0
2 2 1
3 0 0
3 4 1
4 0 0
4 2 1
----
/53
4
0
1
3
14
0 1 0
0 3 0
1 2 0
1 0 1
1 2 1
1 3 1
2 0 0
2 1 0
2 2 0
2 3 0
2 0 1
2 1 1
3 0 0
3 0 1
7
0
3
1
4
5
14
0 1 0
0 2 1
1 3 0
1 4 1
2 2 0
2 2 1
3 5 0
3 6 1
4 5 0
4 6 1
5 5 0
5 5 1
6 5 0
6 4 1
----
/54
4
0
1
3
14
0 0 0
0 1 0
0 3 0
0 1 1
1 2 0
1 0 1
1 1 1
2 0 0
2 3 0
2 1 1
2 2 1
2 3 1
3 1 0
3 3 1
8
0
3
1
5
6
16
0 1 0
0 2 1
1 1 0
1 1 1
2 3 0
2 4 1
3 5 0
3 1 1
4 1 0
4 4 1
5 1 0
5 6 1
6 7 0
6 1 1
7 1 0
7 1 1
----
/55
4
0
1
3
17
0 0 0
0 2 0
0 3 0
0 1 1
0 3 1
1 2 0
1 3 0
1 1 1
1 2 1
1 3 1
2 0 0
2 2 0
2 3 0
2 2 1
3 2 0
3 3 0
3 2 1
5
0
3
1
2
3
10
0 1 0
0 2 1
1 1 0
1 1 1
2 3 0
2 1 1
3 1 0
3 4 1
4 1 0
4 4 1
----
/56
4
0
1
1
15
0 3 0
0 2 1
0 3 1
1 2 0
1 3 0
1 1 1
2 1 0
2 2 0
2 0 1
2 1 1
2 3 1
3 0 0
3 1 0
3 3 0
3 2 1
4
0
1
3
8
0 1 0
0 2 1
1 3 0
1 2 1
2 3 0
2 3 1
3 3 0
3 3 1
----
/57
4
0
1
3
17
0 0 0
0 1 0
0 0 1
0 3 1
1 0 0
1 2 0
1 3 0
1 0 1
1 1 1
1 3 1
2 0 0
2 0 1
2 1 1
3 0 0
3 2 0
3 2 1
3 3 1
5
0
3
2
3
4
10
0 1 0
0 2 1
1 3 0
1 3 1
2 1 0
2 4 1
3 3 0
3 3 1
4 1 0
4 3 1
----
/58
4
0
1
3
12
0 2 0
0 2 1
0 3 1
1 0 0
1 1 0
1 2 0
1 3 0
2 0 0
2 0 1
2 1 1
3 0 0
3 1 0
5
0
2
2
4
10
0 1 0
0 2 1
1 0 0
1 3 1
2 3 0
2 3 1
3 4 0
3 2 1
4 4 0
4 4 1
----
/59
4
0
2
0
1
13
0 1 0
0 0 1
0 2 1
1 1 0
1 2 0
1 3 0
1 2 1
2 3 0
2 2 1
2 3 1
3 0 0
3 3 0
3 1 1
9
0
6
0
1
2
3
5
8
18
0 1 0
0 2 1
1 3 0
1 4 1
2 5 0
2 3 1
3 3 0
3 3 1
4 6 0
4 7 1
5 3 0
5 8 1
6 3 0
6 1 1
7 3 0
7 3 1
8 3 0
8 7 1
----
/60
4
0
2
0
2
13
0 1 0
0 2 0
0 3 0
1 2 0
1 2 1
2 1 0
2 3 0
2 0 1
3 0 0
3 1 0
3 2 0
3 3 0
3 3 1
6
0
4
0
1
3
4
12
0 1 0
0 2 1
1 1 0
1 3 1
2 2 0
2 2 1
3 1 0
3 4 1
4 1 0
4 5 1
5 1 0
5 5 1
----
/61
4
0
2
1
3
15
0 1 0
0 3 0
0 1 1
0 2 1
0 3 1
1 1 1
1 3 1
2 0 0
2 1 0
2 2 1
2 3 1
3 1 0
3 0 1
3 2 1
3 3 1
6
0
4
1
2
3
4
12
0 1 0
0 2 1
1 3 0
1 2 1
2 4 0
2 2 1
3 5 0
3 1 1
4 1 0
4 2 1
5 5 0
5 5 1
----
/62
4
0
2
1
3
15
0 0 0
0 1 0
1 0 0
1 1 0
1 2 0
1 3 0
1 3 1
2 1 0
2 2 0
2 3 0
2 0 1
2 2 1
3 2 0
3 0 1
3 1 1
6
0
3
1
3
4
12
0 1 0
0 2 1
1 3 0
1 4 1
2 2 0
2 2 1
3 3 0
3 3 1
4 5 0
4 1 1
5 3 0
5 5 1
----
/63
4
0
1
2
14
0 1 0
0 2 0
0 1 1
0 2 1
1 1 0
1 2 0
1 1 1
2 0 0
2 1 0
2 3 0
3 1 0
3 2 0
3 0 1
3 1 1
5
0
3
1
2
4
10
0 1 0
0 1 1
1 2 0
1 3 1
2 2 0
2 4 1
3 1 0
3 3 1
4 2 0
4 1 1
----
/64
4
0
2
2
3
11
0 0 0
0 3 0
0 0 1
1 1 0
1 2 1
2 2 0
2 0 1
3 1 0
3 3 0
3 1 1
3 2 1
4
0
3
1
2
3
8
0 1 0
0 0 1
1 1 0
1 2 1
2 1 0
2 3 1
3 1 0
3 0 1
----
/65
4
0
2
1
3
17
0 0 0
0 0 1
0 1 1
0 2 1
1 0 1
1 1 1
1 3 1
2 0 0
2 2 0
2 1 1
2 3 1
3 0 0
3 1 0
3 0 1
3 1 1
3 2 1
3 3 1
4
0
2
1
3
8
0 0 0
0 1 1
1 2 0
1 3 1
2 2 0
2 3 1
3 1 0
3 3 1
----
/66
4
0
2
0
1
10
0 3 0
0 2 1
1 3 1
2 1 0
2 2 1
3 0 0
3 1 0
3 2 0
3 3 0
3 0 1
8
0
5
0
3
4
5
7
16
0 1 0
0 2 1
1 3 0
1 0 1
2 4 0
2 2 1
3 3 0
3 5 1
4 6 0
4 1 1
5 3 0
5 7 1
6 6 0
6 6 1
7 3 0
7 2 1
----
/67
4
0
3
0
1
3
11
0 3 0
0 0 1
1 1 0
1 2 1
2 3 0
2 0 1
2 2 1
3 1 0
3 0 1
3 1 1
3 2 1
4
0
3
0
1
2
8
0 1 0
0 0 1
1 2 0
1 0 1
2 2 0
2 3 1
3 1 0
3 0 1
----
/68
4
0
3
0
1
3
14
0 2 0
0 3 0
0 1 1
0 2 1
0 3 1
1 0 0
1 1 0
1 2 0
1 0 1
1 3 1
2 3 0
2 3 1
3 0 1
3 1 1
5
0
4
0
1
2
3
10
0 1 0
0 2 1
1 3 0
1 2 1
2 2 0
2 2 1
3 4 0
3 2 1
4 4 0
4 4 1
----
/69
4
0
1
3
17
0 2 0
0 3 0
0 0 1
0 2 1
1 3 0
1 0 1
1 1 1
1 2 1
1 3 1
2 0 0
2 1 0
2 1 1
2 2 1
3 0 0
3 1 0
3 3 0
3 0 1
5
0
2
1
3
10
0 1 0
0 2 1
1 3 0
1 4 1
2 3 0
2 4 1
3 3 0
3 3 1
4 3 0
4 3 1
----
/70
4
0
1
3
15
0 1 0
0 0 1
0 2 1
1 2 0
1 3 0
1 0 1
1 1 1
1 2 1
1 3 1
2 1 0
2 3 0
2 0 1
2 1 1
3 2 0
3 2 1
7
0
3
3
4
5
14
0 1 0
0 2 1
1 3 0
1 4 1
2 5 0
2 6 1
3 4 0
3 6 1
4 4 0
4 4 1
5 3 0
5 4 1
6 4 0
6 4 1
----
/71
4
0
3
0
1
2
8
0 1 1
0 3 1
1 2 1
2 3 0
2 3 1
3 0 0
3 1 0
3 2 1
8
0
6
0
2
3
4
5
7
16
0 1 0
0 2 1
1 1 0
1 1 1
2 3 0
2 4 1
3 1 0
3 5 1
4 6 0
4 6 1
5 7 0
5 5 1
6 3 0
6 4 1
7 3 0
7 5 1
----
/72
4
0
1
2
12
0 2 0
0 3 0
1 0 0
1 3 0
1 1 1
1 2 1
2 1 0
2 3 0
2 0 1
2 1 1
3 3 0
3 0 1
10
0
4
1
6
7
8
20
0 1 0
0 2 1
1 3 0
1 4 1
2 2 0
2 2 1
3 5 0
3 6 1
4 7 0
4 8 1
5 1 0
5 0 1
6 6 0
6 6 1
7 8 0
7 4 1
8 9 0
8 6 1
9 7 0
9 6 1
----
/73
4
0
1
1
13
0 0 0
0 3 0
0 3 1
1 1 1
1 2 1
1 3 1
2 0 0
2 3 0
2 0 1
2 1 1
2 2 1
3 0 0
3 2 0
7
0
1
6
14
0 1 0
0 2 1
1 3 0
1 2 1
2 4 0
2 5 1
3 3 0
3 6 1
4 1 0
4 6 1
5 5 0
5 5 1
6 3 0
6 6 1
----
/74
4
0
1
3
15
0 1 0
0 1 1
0 3 1
1 0 0
1 2 0
1 3 0
1 0 1
1 3 1
2 0 0
2 1 0
2 0 1
2 1 1
2 2 1
3 2 0
3 1 1
7
0
4
2
3
4
5
14
0 1 0
0 2 1
1 3 0
1 4 1
2 3 0
2 5 1
3 6 0
3 5 1
4 6 0
4 2 1
5 5 0
5 5 1
6 5 0
6 5 1
----
/75
4
0
1
1
13
0 2 0
0 2 1
0 3 1
1 3 0
1 1 1
1 2 1
1 3 1
2 1 0
3 0 0
3 1 0
3 2 0
3 3 0
3 0 1
6
0
2
3
5
12
0 1 0
0 2 1
1 3 0
1 4 1
2 5 0
2 0 1
3 2 0
3 5 1
4 4 0
4 4 1
5 5 0
5 5 1
----
/76
4
0
1
3
9
0 1 0
0 2 0
1 0 0
1 2 0
1 0 1
2 0 0
2 3 0
3 2 0
3 3 1
8
0
4
3
4
5
6
16
0 1 0
0 2 1
1 3 0
1 0 1
2 2 0
2 2 1
3 4 0
3 5 1
4 4 0
4 6 1
5 7 0
5 5 1
6 1 0
6 5 1
7 6 0
7 2 1
----
/77
4
0
1
3
14
0 1 0
1 0 0
1 3 0
1 0 1
1 2 1
2 1 0
2 2 0
2 0 1
2 2 1
3 1 0
3 2 0
3 0 1
3 1 1
3 2 1
7
0
2
3
6
14
0 1 0
0 2 1
1 3 0
1 4 1
2 2 0
2 2 1
3 5 0
3 5 1
4 5 0
4 4 1
5 6 0
5 4 1
6 6 0
6 5 1
----
/78
4
0
1
1
10
0 2 0
0 3 1
1 1 0
1 2 0
1 3 0
2 1 0
2 3 0
2 1 1
3 0 1
3 2 1
9
0
4
3
4
7
8
18
0 1 0
0 2 1
1 3 0
1 4 1
2 5 0
2 6 1
3 7 0
3 6 1
4 7 0
4 5 1
5 5 0
5 5 1
6 7 0
6 3 1
7 7 0
7 8 1
8 7 0
8 3 1
----
/79
4
0
1
3
18
0 0 0
0 2 0
0 0 1
0 1 1
1 0 0
1 3 0
1 0 1
1 1 1
1 3 1
2 0 0
2 1 0
2 0 1
2 2 1
3 0 0
3 3 0
3 0 1
3 1 1
3 2 1
7
0
3
4
5
6
14
0 1 0
0 2 1
1 3 0
1 3 1
2 4 0
2 5 1
3 6 0
3 6 1
4 6 0
4 3 1
5 4 0
5 6 1
6 6 0
6 6 1
----
/80
4
0
1
0
16
0 3 0
0 1 1
0 3 1
1 0 0
1 2 0
1 1 1
1 2 1
2 0 0
2 1 0
2 2 0
2 0 1
2 1 1
3 0 0
3 1 0
3 3 0
3 3 1
6
0
3
0
3
4
12
0 1 0
0 2 1
1 3 0
1 1 1
2 4 0
2 5 1
3 4 0
3 5 1
4 4 0
4 4 1
5 4 0
5 4 1
----
/81
4
0
2
1
2
10
0 1 0
0 2 0
0 0 1
1 0 0
2 3 1
3 0 0
3 2 0
3 3 0
3 0 1
3 2 1
5
0
3
1
3
4
10
0 1 0
0 0 1
1 0 0
1 2 1
2 3 0
2 4 1
3 3 0
3 3 1
4 1 0
4 2 1
----
/82
4
0
2
2
3
15
0 0 0
0 1 0
0 3 0
0 3 1
1 2 0
1 1 1
1 2 1
1 3 1
2 1 0
2 3 0
2 0 1
3 1 0
3 0 1
3 1 1
3 2 1
5
0
3
1
2
4
10
0 1 0
0 2 1
1 1 0
1 1 1
2 3 0
2 1 1
3 4 0
3 1 1
4 1 0
4 0 1
----
/83
4
0
1
3
12
0 3 0
0 1 1
0 2 1
1 0 0
1 1 0
1 0 1
1 1 1
1 2 1
2 0 0
2 2 1
2 3 1
3 0 0
8
0
3
1
5
6
16
0 1 0
0 2 1
1 0 0
1 3 1
2 4 0
2 5 1
3 3 0
3 3 1
4 6 0
4 7 1
5 6 0
5 5 1
6 6 0
6 7 1
7 6 0
7 5 1
----
/84
4
0
1
1
15
0 3 0
0 2 1
0 3 1
1 0 0
1 3 0
2 0 0
2 0 1
2 1 1
2 3 1
3 0 0
3 1 0
3 2 0
3 0 1
3 1 1
3 2 1
6
0
2
3
4
12
0 1 0
0 2 1
1 3 0
1 3 1
2 3 0
2 4 1
3 5 0
3 4 1
4 4 0
4 4 1
5 4 0
5 4 1
----
/85
4
0
3
1
2
3
11
0 1 0
0 2 0
0 3 0
0 2 1
1 0 0
1 1 0
1 0 1
1 3 1
2 3 0
2 3 1
3 2 0
9
0
7
1
2
3
4
5
6
8
18
0 1 0
0 2 1
1 3 0
1 4 1
2 5 0
2 5 1
3 3 0
3 6 1
4 1 0
4 2 1
5 2 0
5 7 1
6 1 0
6 8 1
7 7 0
7 7 1
8 8 0
8 5 1
----
/86
4
0
1
3
17
0 0 0
0 1 0
0 2 0
0 3 0
0 3 1
1 0 0
1 1 0
1 3 0
1 0 1
1 2 1
2 0 0
2 2 0
2 3 0
2 1 1
3 1 0
3 0 1
3 2 1
6
0
3
1
2
5
12
0 1 0
0 2 1
1 1 0
1 1 1
2 3 0
2 4 1
3 1 0
3 4 1
4 1 0
4 5 1
5 1 0
5 4 1
----
/87
4
0
2
0
3
15
0 2 0
0 1 1
1 1 0
1 2 0
1 0 1
1 2 1
2 2 0
2 3 0
2 0 1
2 3 1
3 1 0
3 2 0
3 0 1
3 1 1
3 3 1
9
0
6
0
3
4
6
7
8
18
0 1 0
0 2 1
1 3 0
1 4 1
2 5 0
2 6 1
3 7 0
3 8 1
4 5 0
4 8 1
5 7 0
5 3 1
6 3 0
6 8 1
7 7 0
7 7 1
8 5 0
8 7 1
----
/88
4
0
3
0
1
3
14
0 0 0
0 1 0
0 2 0
0 3 0
0 2 1
1 2 0
1 3 1
2 2 0
2 3 0
2 1 1
3 2 0
3 0 1
3 1 1
3 3 1
5
0
4
0
1
3
4
10
0 1 0
0 2 1
1 1 0
1 1 1
2 1 0
2 3 1
3 2 0
3 4 1
4 2 0
4 1 1
----
/89
4
0
1
2
10
0 0 0
0 2 0
0 3 0
1 1 0
1 3 0
2 1 1
3 3 0
3 0 1
3 1 1
3 2 1
6
0
2
1
3
12
0 1 0
0 2 1
1 1 0
1 3 1
2 2 0
2 2 1
3 1 0
3 4 1
4 5 0
4 2 1
5 5 0
5 3 1
----
/90
4
0
2
0
1
13
0 3 0
0 0 1
0 1 1
1 0 0
1 2 0
1 0 1
2 0 0
2 2 0
2 0 1
2 1 1
2 3 1
3 1 0
3 2 1
5
0
3
0
2
3
10
0 1 0
0 2 1
1 3 0
1 4 1
2 2 0
2 2 1
3 2 0
3 0 1
4 2 0
4 2 1
----
/91
4
0
1
2
18
0 0 0
0 0 1
0 3 1
1 0 0
1 1 0
1 3 0
1 0 1
1 2 1
1 3 1
2 0 0
2 2 0
2 0 1
2 1 1
2 2 1
3 0 0
3 2 0
3 0 1
3 1 1
4
0
1
2
8
0 0 0
0 1 1
1 2 0
1 3 1
2 2 0
2 2 1
3 2 0
3 2 1
----
/92
4
0
1
0
15
0 1 0
0 2 0
0 2 1
1 1 0
1 0 1
1 2 1
1 3 1
2 0 0
2 2 1
2 3 1
3 2 0
3 3 0
3 0 1
3 2 1
3 3 1
6
0
3
0
3
4
12
0 1 0
0 2 1
1 3 0
1 4 1
2 0 0
2 5 1
3 1 0
3 4 1
4 4 0
4 4 1
5 4 0
5 4 1
----
/93
4
0
1
1
15
0 0 0
0 1 0
0 2 0
0 1 1
0 3 1
1 0 0
1 1 0
1 2 0
1 3 0
2 2 0
2 3 0
2 2 1
3 0 0
3 2 0
3 1 1
10
0
5
1
2
3
4
5
20
0 1 0
0 2 1
1 1 0
1 3 1
2 1 0
2 4 1
3 1 0
3 5 1
4 1 0
4 6 1
5 1 0
5 7 1
6 6 0
6 6 1
7 8 0
7 7 1
8 9 0
8 5 1
9 1 0
9 3 1
----
/94
4
0
3
0
2
3
13
0 0 0
0 2 0
0 3 1
1 2 0
1 3 0
1 0 1
1 2 1
2 0 0
2 2 0
2 0 1
2 3 1
3 0 0
3 1 0
7
0
6
0
1
2
3
4
6
14
0 1 0
0 2 1
1 1 0
1 3 1
2 4 0
2 5 1
3 4 0
3 2 1
4 6 0
4 6 1
5 5 0
5 5 1
6 4 0
6 3 1
----
/95
4
0
2
1
2
13
0 3 0
0 0 1
0 2 1
1 0 0
1 1 0
1 2 0
1 1 1
2 0 0
2 0 1
2 1 1
2 2 1
3 1 1
3 2 1
6
0
2
2
4
12
0 1 0
0 2 1
1 3 0
1 4 1
2 5 0
2 4 1
3 3 0
3 3 1
4 4 0
4 4 1
5 1 0
5 4 1
----
/96
4
0
2
0
2
11
0 1 0
0 2 0
0 0 1
0 3 1
1 2 0
1 2 1
2 2 1
3 1 0
3 2 0
3 3 0
3 3 1
5
0
4
0
1
2
3
10
0 1 0
0 2 1
1 3 0
1 3 1
2 2 0
2 2 1
3 4 0
3 3 1
4 4 0
4 4 1
----
/97
4
0
1
1
11
0 2 0
0 3 0
0 1 1
1 0 0
1 1 0
2 0 0
2 2 0
2 0 1
2 3 1
3 1 1
3 2 1
12
0
6
2
4
5
8
9
10
24
0 1 0
0 2 1
1 3 0
1 4 1
2 5 0
2 6 1
3 7 0
3 8 1
4 4 0
4 4 1
5 4 0
5 2 1
6 6 0
6 6 1
7 7 0
7 4 1
8 4 0
8 9 1
9 10 0
9 11 1
10 4 0
10 8 1
11 1 0
11 9 1
----
/98
4
0
1
1
16
0 0 0
0 2 0
0 3 0
0 3 1
1 0 0
1 2 0
1 3 0
1 0 1
1 1 1
2 0 0
2 2 0
2 3 0
2 0 1
2 1 1
3 0 0
3 2 1
4
0
1
3
8
0 1 0
0 2 1
1 1 0
1 3 1
2 0 0
2 1 1
3 1 0
3 3 1
----
/99
4
0
1
0
13
0 0 0
0 2 0
0 3 0
1 3 0
1 1 1
2 3 0
2 0 1
2 1 1
2 3 1
3 1 0
3 2 0
3 3 0
3 0 1
8
0
4
0
1
3
4
16
0 1 0
0 2 1
1 1 0
1 3 1
2 2 0
2 2 1
3 1 0
3 4 1
4 1 0
4 5 1
5 6 0
5 5 1
6 7 0
6 0 1
7 7 0
7 3 1
----
/100
4
0
3
1
2
3
13
0 0 0
0 1 0
0 2 0
0 1 1
0 3 1
1 3 0
1 2 1
1 3 1
2 0 0
2 1 0
2 3 1
3 0 0
3 3 0
6
0
4
1
2
3
4
12
0 1 0
0 2 1
1 1 0
1 2 1
2 1 0
2 3 1
3 1 0
3 4 1
4 1 0
4 5 1
5 5 0
5 5 1
----
/101
4
0
1
0
11
0 0 0
0 3 0
0 2 1
1 2 0
1 3 0
1 2 1
2 1 0
2 3 0
3 0 0
3 1 0
3 1 1
6
0
2
0
1
12
0 1 0
0 2 1
1 1 0
1 3 1
2 4 0
2 5 1
3 4 0
3 2 1
4 1 0
4 3 1
5 5 0
5 5 1
----
/102
4
0
1
0
13
0 1 1
1 2 0
1 3 0
1 3 1
2 0 0
2 2 0
2 3 0
2 0 1
2 2 1
2 3 1
3 0 0
3 3 0
3 2 1
7
0
3
0
5
6
14
0 1 0
0 2 1
1 1 0
1 1 1
2 3 0
2 4 1
3 5 0
3 5 1
4 6 0
4 3 1
5 5 0
5 5 1
6 6 0
6 3 1
----
/103
4
0
1
1
14
0 0 0
0 1 0
0 3 1
1 0 0
1 1 0
1 2 0
1 2 1
1 3 1
2 1 0
2 2 0
3 0 0
3 2 0
3 1 1
3 2 1
4
0
1
1
8
0 1 0
0 2 1
1 1 0
1 3 1
2 0 0
2 1 1
3 1 0
3 1 1
----
/104
4
0
1
2
15
0 2 0
0 0 1
0 1 1
0 3 1
1 0 0
1 0 1
1 2 1
1 3 1
2 3 0
3 0 0
3 1 0
3 2 0
3 3 0
3 1 1
3 3 1
6
0
2
1
5
12
0 1 0
0 2 1
1 3 0
1 4 1
2 5 0
2 5 1
3 5 0
3 2 1
4 4 0
4 4 1
5 5 0
5 5 1
----
/105
4
0
1
3
19
0 3 0
0 2 1
1 0 0
1 2 0
1 0 1
1 1 1
1 2 1
1 3 1
2 0 0
2 3 0
2 0 1
2 1 1
2 2 1
2 3 1
3 1 0
3 2 0
3 0 1
3 1 1
3 2 1
6
0
3
1
4
5
12
0 1 0
0 2 1
1 3 0
1 3 1
2 4 0
2 5 1
3 5 0
3 5 1
4 5 0
4 3 1
5 5 0
5 5 1
----
/106
4
0
2
2
3
12
0 3 0
0 0 1
1 1 0
1 0 1
2 1 0
2 0 1
2 1 1
3 0 0
3 1 0
3 2 0
3 2 1
3 3 1
6
0
4
1
2
3
5
12
0 1 0
0 0 1
1 2 0
1 3 1
2 3 0
2 4 1
3 2 0
3 5 1
4 3 0
4 0 1
5 5 0
5 5 1
----
/107
4
0
1
3
16
0 0 0
0 2 1
0 3 1
1 1 0
1 2 0
1 0 1
1 2 1
1 3 1
2 1 0
2 3 0
2 2 1
2 3 1
3 0 0
3 1 0
3 0 1
3 3 1
5
0
3
1
2
4
10
0 0 0
0 1 1
1 2 0
1 1 1
2 3 0
2 1 1
3 4 0
3 1 1
4 4 0
4 1 1
----
/108
4
0
1
3
18
0 0 0
0 1 0
0 0 1
1 0 0
1 3 0
1 1 1
1 2 1
2 1 0
2 2 0
2 0 1
2 1 1
2 2 1
2 3 1
3 2 0
3 3 0
3 0 1
3 1 1
3 3 1
4
0
1
2
8
0 1 0
0 0 1
1 2 0
1 3 1
2 2 0
2 2 1
3 2 0
3 2 1
----
/109
4
0
2
1
3
13
0 0 0
0 1 0
0 2 0
0 2 1
1 0 0
1 2 0
1 1 1
2 3 0
2 0 1
2 2 1
2 3 1
3 0 0
3 1 1
6
0
3
1
3
4
12
0 1 0
0 2 1
1 1 0
1 1 1
2 3 0
2 1 1
3 0 0
3 4 1
4 5 0
4 4 1
5 1 0
5 1 1
----
/110
4
0
2
0
1
15
0 0 0
0 3 1
1 0 0
1 1 1
1 2 1
1 3 1
2 0 0
2 1 0
2 0 1
3 0 0
3 1 0
3 2 0
3 3 0
3 1 1
3 2 1
5
0
4
0
2
3
4
10
0 0 0
0 1 1
1 2 0
1 3 1
2 2 0
2 2 1
3 4 0
3 2 1
4 0 0
4 2 1
----
/111
4
0
3
1
2
3
9
0 0 0
0 0 1
0 1 1
0 3 1
1 3 0
1 2 1
2 2 1
3 2 0
3 3 1
4
0
3
1
2
3
8
0 0 0
0 1 1
1 2 0
1 1 1
2 3 0
2 1 1
3 0 0
3 1 1
----
/112
4
0
1
1
17
0 0 0
0 2 0
0 3 0
0 2 1
1 3 0
1 0 1
1 1 1
1 3 1
2 0 0
2 3 0
2 3 1
3 0 0
3 1 0
3 2 0
3 3 0
3 0 1
3 1 1
6
0
2
3
5
12
0 1 0
0 2 1
1 3 0
1 3 1
2 4 0
2 4 1
3 3 0
3 3 1
4 3 0
4 5 1
5 1 0
5 3 1
----
/113
4
0
2
0
2
13
0 2 0
0 2 1
0 3 1
1 0 0
1 1 0
1 2 0
1 3 0
1 1 1
1 2 1
1 3 1
2 1 0
3 1 1
3 2 1
6
0
4
0
1
2
5
12
0 1 0
0 2 1
1 3 0
1 4 1
2 3 0
2 5 1
3 5 0
3 5 1
4 4 0
4 4 1
5 5 0
5 5 1
----
/114
4
0
1
1
17
0 2 0
0 0 1
1 1 0
1 2 0
1 0 1
1 1 1
1 3 1
2 0 1
2 2 1
2 3 1
3 0 0
3 1 0
3 2 0
3 0 1
3 1 1
3 2 1
3 3 1
5
0
1
4
10
0 1 0
0 0 1
1 2 0
1 3 1
2 2 0
2 2 1
3 4 0
3 4 1
4 4 0
4 4 1
----
/115
4
0
1
2
15
0 2 0
0 1 1
0 2 1
0 3 1
1 0 1
1 1 1
1 2 1
2 0 0
2 3 1
3 0 0
3 1 0
3 3 0
3 0 1
3 1 1
3 2 1
8
0
5
1
2
5
6
7
16
0 1 0
0 2 1
1 0 0
1 3 1
2 4 0
2 5 1
3 4 0
3 6 1
4 5 0
4 5 1
5 5 0
5 5 1
6 7 0
6 5 1
7 7 0
7 2 1
----
/116
4
0
1
0
15
0 2 0
0 0 1
0 1 1
0 2 1
0 3 1
1 2 0
1 0 1
1 1 1
2 1 0
2 2 0
2 2 1
3 0 0
3 0 1
3 1 1
3 3 1
5
0
3
0
2
4
10
0 1 0
0 2 1
1 3 0
1 1 1
2 4 0
2 2 1
3 3 0
3 4 1
4 3 0
4 2 1
----
/117
4
0
1
3
14
0 3 0
0 0 1
0 1 1
0 2 1
0 3 1
1 1 0
1 2 0
1 3 0
1 3 1
2 1 0
2 2 0
2 0 1
3 1 0
3 2 1
10
0
5
1
2
6
7
8
20
0 1 0
0 2 1
1 3 0
1 4 1
2 2 0
2 2 1
3 2 0
3 1 1
4 5 0
4 0 1
5 2 0
5 6 1
6 7 0
6 2 1
7 2 0
7 8 1
8 5 0
8 9 1
9 2 0
9 2 1
----
/118
4
0
1
3
17
0 1 0
0 1 1
0 3 1
1 0 0
1 2 0
1 0 1
1 1 1
1 2 1
2 1 0
2 2 0
2 3 0
2 3 1
3 0 0
3 0 1
3 1 1
3 2 1
3 3 1
6
0
2
2
5
12
0 1 0
0 2 1
1 3 0
1 4 1
2 3 0
2 5 1
3 5 0
3 2 1
4 5 0
4 5 1
5 5 0
5 5 1
----
/119
4
0
1
0
14
0 3 0
0 0 1
0 1 1
0 2 1
0 3 1
1 1 0
1 1 1
1 2 1
1 3 1
2 0 0
2 1 0
2 3 0
2 1 1
3 1 0
7
0
3
0
2
5
14
0 1 0
0 2 1
1 3 0
1 4 1
2 5 0
2 2 1
3 3 0
3 6 1
4 4 0
4 4 1
5 3 0
5 2 1
6 5 0
6 6 1
----
/120
4
0
1
0
15
0 3 0
0 0 1
0 1 1
0 2 1
1 2 0
1 3 0
1 3 1
2 0 0
2 3 0
2 0 1
2 2 1
3 1 0
3 3 0
3 0 1
3 2 1
10
0
7
0
2
4
5
6
8
9
20
0 1 0
0 2 1
1 3 0
1 4 1
2 5 0
2 6 1
3 7 0
3 5 1
4 8 0
4 2 1
5 9 0
5 2 1
6 6 0
6 6 1
7 6 0
7 5 1
8 3 0
8 2 1
9 7 0
9 6 1
----
/121
4
0
1
3
15
0 0 0
0 2 0
0 2 1
0 3 1
1 0 0
1 2 0
1 0 1
2 1 0
2 3 0
2 1 1
2 3 1
3 0 0
3 2 0
3 3 0
3 1 1
6
0
3
2
3
4
12
0 1 0
0 2 1
1 3 0
1 3 1
2 3 0
2 4 1
3 3 0
3 3 1
4 3 0
4 5 1
5 1 0
5 3 1
----
/122
4
0
1
2
16
0 1 0
0 3 0
0 0 1
0 1 1
1 1 0
1 2 0
1 0 1
1 1 1
2 0 1
2 2 1
2 3 1
3 1 0
3 0 1
3 1 1
3 2 1
3 3 1
4
0
1
3
8
0 1 0
0 2 1
1 3 0
1 3 1
2 3 0
2 2 1
3 3 0
3 3 1
----
/123
4
0
3
0
2
3
14
0 1 0
0 3 0
0 1 1
1 0 0
1 1 0
1 3 0
2 0 0
2 1 0
2 2 0
2 0 1
2 1 1
2 3 1
3 0 0
3 2 0
6
0
4
0
1
3
5
12
0 1 0
0 2 1
1 3 0
1 4 1
2 5 0
2 4 1
3 3 0
3 5 1
4 4 0
4 4 1
5 3 0
5 2 1
----
/124
4
0
2
0
1
10
0 1 0
0 3 0
0 0 1
0 3 1
1 0 0
1 2 0
1 2 1
2 3 0
3 0 0
3 2 0
6
0
3
0
1
2
12
0 1 0
0 2 1
1 0 0
1 3 1
2 2 0
2 2 1
3 4 0
3 5 1
4 0 0
4 5 1
5 5 0
5 5 1
----
/125
4
0
1
1
13
0 0 1
0 1 1
0 3 1
1 1 0
1 2 0
1 3 0
1 2 1
2 1 0
2 2 0
2 3 0
3 2 0
3 3 0
3 3 1
6
0
2
2
3
12
0 1 0
0 2 1
1 1 0
1 1 1
2 3 0
2 2 1
3 3 0
3 4 1
4 3 0
4 5 1
5 4 0
5 5 1
----
/126
4
0
2
1
2
15
0 0 0
0 2 0
0 3 0
0 2 1
0 3 1
1 1 0
1 2 0
1 3 0
2 0 0
2 1 0
2 3 0
2 1 1
3 1 0
3 2 0
3 3 1
8
0
5
1
2
3
5
6
16
0 1 0
0 2 1
1 1 0
1 2 1
2 1 0
2 3 1
3 2 0
3 4 1
4 5 0
4 4 1
5 1 0
5 6 1
6 2 0
6 7 1
7 7 0
7 7 1
----
/127
4
0
1
2
18
0 0 0
0 2 0
0 3 0
0 1 1
0 2 1
1 0 0
1 1 0
1 1 1
1 2 1
1 3 1
2 0 0
2 1 0
2 3 0
2 1 1
2 2 1
3 0 1
3 1 1
3 2 1
7
0
5
1
2
3
4
6
14
0 1 0
0 2 1
1 3 0
1 4 1
2 5 0
2 6 1
3 3 0
3 3 1
4 3 0
4 6 1
5 3 0
5 3 1
6 5 0
6 3 1
----
/128
4
0
2
1
2
16
0 0 0
0 2 0
0 0 1
1 0 0
1 2 0
1 3 0
1 0 1
1 1 1
1 3 1
2 0 0
2 3 0
2 0 1
2 3 1
3 1 0
3 2 0
3 3 1
6
0
4
1
2
4
5
12
0 1 0
0 0 1
1 2 0
1 3 1
2 4 0
2 3 1
3 5 0
3 3 1
4 4 0
4 4 1
5 2 0
5 4 1
----
/129
4
0
2
0
1
13
0 1 1
1 2 0
1 3 0
1 0 1
1 2 1
2 0 0
2 1 0
2 1 1
3 1 0
3 3 0
3 0 1
3 1 1
3 2 1
7
0
5
0
2
4
5
6
14
0 1 0
0 2 1
1 1 0
1 1 1
2 3 0
2 4 1
3 5 0
3 5 1
4 6 0
4 2 1
5 5 0
5 5 1
6 3 0
6 5 1
----
/130
4
0
2
0
2
15
0 3 0
0 0 1
0 1 1
0 2 1
0 3 1
1 1 0
1 2 1
2 0 0
2 2 0
3 1 0
3 2 0
3 0 1
3 1 1
3 2 1
3 3 1
6
0
4
0
2
3
4
12
0 1 0
0 2 1
1 3 0
1 2 1
2 2 0
2 2 1
3 2 0
3 4 1
4 2 0
4 5 1
5 5 0
5 5 1
----
/131
4
0
2
1
2
16
0 0 0
0 3 0
0 1 1
0 2 1
0 3 1
1 2 0
1 0 1
1 1 1
1 2 1
2 0 1
2 1 1
2 2 1
2 3 1
3 3 0
3 0 1
3 3 1
7
0
4
2
3
4
5
14
0 1 0
0 2 1
1 1 0
1 3 1
2 4 0
2 3 1
3 5 0
3 3 1
4 6 0
4 3 1
5 1 0
5 3 1
6 6 0
6 1 1
----
/132
4
0
1
1
13
0 0 0
0 2 0
0 2 1
1 0 0
1 2 1
1 3 1
2 1 0
2 3 0
2 3 1
3 2 0
3 0 1
3 2 1
3 3 1
6
0
2
3
4
12
0 1 0
0 2 1
1 3 0
1 1 1
2 4 0
2 5 1
3 3 0
3 1 1
4 1 0
4 1 1
5 2 0
5 1 1
----
/133
4
0
2
1
3
15
0 1 0
0 2 0
1 0 0
1 1 0
1 2 0
1 3 0
1 0 1
2 0 0
2 1 0
2 3 0
2 0 1
2 1 1
3 2 0
3 1 1
3 2 1
5
0
3
1
3
4
10
0 1 0
0 2 1
1 3 0
1 4 1
2 2 0
2 2 1
3 3 0
3 1 1
4 3 0
4 0 1
----
/134
4
0
1
1
17
0 2 0
0 3 0
0 0 1
0 3 1
1 0 0
1 0 1
1 1 1
2 0 0
2 1 0
2 2 0
2 3 0
2 1 1
2 2 1
2 3 1
3 0 0
3 3 0
3 2 1
4
0
1
3
8
0 1 0
0 2 1
1 3 0
1 3 1
2 1 0
2 1 1
3 3 0
3 3 1
----
/135
4
0
1
1
16
0 0 0
0 1 0
0 3 0
0 3 1
1 0 0
1 1 0
1 0 1
1 2 1
1 3 1
2 1 0
2 1 1
2 3 1
3 0 0
3 1 0
3 3 0
3 2 1
6
0
2
1
5
12
0 1 0
0 2 1
1 1 0
1 3 1
2 1 0
2 4 1
3 1 0
3 5 1
4 1 0
4 1 1
5 1 0
5 5 1
----
/136
4
0
2
0
1
13
0 1 0
0 3 0
0 2 1
1 3 0
1 0 1
1 3 1
2 0 0
2 2 0
2 3 0
2 1 1
3 3 0
3 0 1
3 1 1
6
0
4
0
1
4
5
12
0 1 0
0 2 1
1 3 0
1 4 1
2 5 0
2 1 1
3 3 0
3 4 1
4 1 0
4 5 1
5 5 0
5 5 1
----
/137
4
0
1
1
14
0 0 1
0 3 1
1 2 0
1 3 0
1 0 1
2 0 0
2 1 0
2 2 0
2 3 0
2 2 1
3 3 0
3 0 1
3 2 1
3 3 1
5
0
1
4
10
0 1 0
0 2 1
1 1 0
1 1 1
2 2 0
2 3 1
3 4 0
3 3 1
4 4 0
4 3 1
----
/138
4
0
1
1
17
0 3 0
0 0 1
0 2 1
1 1 0
1 2 0
1 1 1
1 2 1
1 3 1
2 0 1
2 1 1
2 3 1
3 0 0
3 1 0
3 3 0
3 0 1
3 2 1
3 3 1
5
0
1
3
10
0 1 0
0 2 1
1 3 0
1 4 1
2 1 0
2 3 1
3 3 0
3 3 1
4 3 0
4 3 1
----
/139
4
0
1
3
20
0 2 0
0 1 1
0 2 1
0 3 1
1 1 0
1 3 0
1 0 1
1 1 1
1 2 1
1 3 1
2 1 0
2 2 0
2 0 1
2 2 1
3 0 0
3 1 0
3 2 0
3 3 0
3 1 1
3 2 1
5
0
1
2
10
0 1 0
0 2 1
1 3 0
1 4 1
2 2 0
2 2 1
3 2 0
3 2 1
4 3 0
4 2 1
----
/140
4
0
2
1
2
14
0 0 0
0 1 0
0 3 0
0 2 1
0 3 1
1 0 0
1 1 0
1 2 0
2 3 0
2 1 1
2 3 1
3 1 0
3 2 0
3 3 1
7
0
5
1
2
3
4
5
14
0 1 0
0 2 1
1 3 0
1 2 1
2 4 0
2 5 1
3 3 0
3 4 1
4 3 0
4 5 1
5 3 0
5 6 1
6 4 0
6 6 1
----
/141
4
0
1
1
18
0 2 0
0 0 1
0 1 1
0 2 1
0 3 1
1 1 1
1 2 1
1 3 1
2 1 0
2 3 0
2 0 1
2 1 1
2 2 1
2 3 1
3 0 0
3 3 0
3 1 1
3 2 1
8
0
4
2
3
5
7
16
0 1 0
0 2 1
1 3 0
1 2 1
2 2 0
2 2 1
3 4 0
3 5 1
4 6 0
4 2 1
5 7 0
5 2 1
6 2 0
6 2 1
7 6 0
7 2 1
----
/142
4
0
1
0
16
0 0 0
0 1 0
0 2 0
0 1 1
1 1 0
1 1 1
1 3 1
2 0 0
2 1 0
2 3 0
2 0 1
2 2 1
3 0 0
3 1 1
3 2 1
3 3 1
7
0
4
0
1
4
6
14
0 1 0
0 2 1
1 1 0
1 1 1
2 2 0
2 3 1
3 4 0
3 5 1
4 1 0
4 3 1
5 6 0
5 1 1
6 1 0
6 5 1
----
/143
4
0
2
1
3
11
0 3 0
0 0 1
1 0 0
1 2 0
2 0 0
2 3 0
2 1 1
2 2 1
3 1 0
3 2 0
3 1 1
8
0
5
1
2
3
6
7
16
0 1 0
0 0 1
1 2 0
1 3 1
2 2 0
2 2 1
3 4 0
3 5 1
4 6 0
4 2 1
5 5 0
5 5 1
6 2 0
6 7 1
7 2 0
7 0 1
----
/144
4
0
1
2
16
0 1 0
0 2 1
1 3 0
1 0 1
1 2 1
1 3 1
2 0 0
2 1 0
2 0 1
2 1 1
2 2 1
2 3 1
3 0 0
3 1 0
3 3 0
3 1 1
5
0
1
2
10
0 1 0
0 2 1
1 3 0
1 2 1
2 4 0
2 2 1
3 4 0
3 1 1
4 4 0
4 2 1
----
/145
4
0
2
0
1
13
0 3 1
1 0 0
1 2 0
1 0 1
1 3 1
2 0 0
2 0 1
2 1 1
2 2 1
2 3 1
3 2 0
3 0 1
3 1 1
8
0
5
0
4
5
6
7
16
0 1 0
0 2 1
1 1 0
1 1 1
2 3 0
2 4 1
3 0 0
3 5 1
4 6 0
4 7 1
5 6 0
5 5 1
6 0 0
6 5 1
7 3 0
7 5 1
----
/146
4
0
1
3
13
0 1 0
0 1 1
0 2 1
0 3 1
1 2 0
1 0 1
2 2 0
2 1 1
2 3 1
3 0 0
3 3 0
3 0 1
3 2 1
7
0
2
2
4
14
0 1 0
0 2 1
1 3 0
1 0 1
2 2 0
2 2 1
3 3 0
3 4 1
4 2 0
4 5 1
5 6 0
5 2 1
6 3 0
6 2 1
----
/147
4
0
3
0
1
2
15
0 2 0
0 1 1
0 2 1
0 3 1
1 3 0
1 2 1
1 3 1
2 1 0
2 0 1
2 1 1
2 2 1
2 3 1
3 1 0
3 0 1
3 2 1
5
0
4
0
1
2
3
10
0 1 0
0 2 1
1 3 0
1 2 1
2 2 0
2 2 1
3 4 0
3 1 1
4 3 0
4 2 1
----
/148
4
0
3
0
1
2
15
0 3 0
0 0 1
0 1 1
0 2 1
1 1 0
1 0 1
1 2 1
1 3 1
2 0 0
2 3 0
2 0 1
2 2 1
2 3 1
3 3 0
3 0 1
6
0
5
0
2
3
4
5
12
0 1 0
0 2 1
1 1 0
1 0 1
2 3 0
2 2 1
3 4 0
3 2 1
4 4 0
4 5 1
5 0 0
5 2 1
----
/149
4
0
1
1
17
0 1 0
0 2 0
0 2 1
1 1 0
1 0 1
1 1 1
1 2 1
2 0 0
2 1 0
2 3 0
2 0 1
2 3 1
3 1 0
3 2 0
3 1 1
3 2 1
3 3 1
4
0
1
1
8
0 1 0
0 2 1
1 1 0
1 1 1
2 1 0
2 3 1
3 1 0
3 1 1
----
/150
4
0
2
0
3
16
0 1 0
0 2 0
0 0 1
1 0 0
1 1 0
1 0 1
2 1 0
2 2 0
2 3 0
2 0 1
2 1 1
2 3 1
3 0 0
3 1 0
3 2 0
3 1 1
5
0
4
0
2
3
4
10
0 1 0
0 0 1
1 2 0
1 3 1
2 2 0
2 3 1
3 2 0
3 4 1
4 2 0
4 0 1
----
/151
4
0
1
3
15
0 2 0
0 1 1
0 2 1
0 3 1
1 1 0
1 2 0
1 3 0
1 0 1
1 2 1
1 3 1
2 3 0
2 2 1
3 1 0
3 0 1
3 1 1
5
0
2
2
3
10
0 1 0
0 2 1
1 3 0
1 1 1
2 2 0
2 2 1
3 4 0
3 4 1
4 2 0
4 2 1
----
/152
4
0
1
1
16
0 0 0
0 2 0
0 3 0
0 2 1
1 1 0
1 2 0
1 0 1
2 0 0
2 1 0
2 2 0
2 1 1
3 0 0
3 1 0
3 2 0
3 1 1
3 3 1
8
0
4
3
4
5
6
16
0 1 0
0 2 1
1 3 0
1 3 1
2 3 0
2 4 1
3 3 0
3 3 1
4 5 0
4 0 1
5 3 0
5 6 1
6 3 0
6 7 1
7 3 0
7 5 1
----
/153
4
0
1
2
15
0 1 0
0 3 0
0 3 1
1 1 0
1 2 0
1 3 0
1 0 1
1 1 1
1 3 1
2 0 0
2 1 0
2 2 0
2 3 0
3 3 0
3 1 1
4
0
1
3
8
0 1 0
0 2 1
1 3 0
1 1 1
2 2 0
2 1 1
3 3 0
3 1 1
----
/154
4
0
3
0
1
2
11
0 0 0
0 1 0
0 2 0
0 3 0
0 2 1
1 2 0
1 1 1
2 0 1
2 3 1
3 1 0
3 3 1
7
0
6
0
1
2
4
5
6
14
0 1 0
0 2 1
1 1 0
1 1 1
2 3 0
2 4 1
3 3 0
3 3 1
4 1 0
4 5 1
5 6 0
5 4 1
6 2 0
6 6 1
----
/155
4
0
3
0
2
3
9
0 0 0
0 2 0
1 3 0
2 1 0
2 2 1
2 3 1
3 0 0
3 1 0
3 1 1
12
0
10
0
1
3
4
5
6
7
8
9
11
24
0 1 0
0 2 1
1 3 0
1 4 1
2 2 0
2 2 1
3 5 0
3 4 1
4 6 0
4 7 1
5 5 0
5 7 1
6 8 0
6 2 1
7 9 0
7 7 1
8 3 0
8 7 1
9 5 0
9 10 1
10 11 0
10 2 1
11 6 0
11 10 1
----
/156
4
0
3
0
1
3
11
0 2 0
0 3 0
0 2 1
1 0 0
2 1 0
2 0 1
2 2 1
2 3 1
3 2 0
3 0 1
3 2 1
8
0
6
0
1
3
4
5
6
16
0 1 0
0 2 1
1 3 0
1 4 1
2 5 0
2 4 1
3 6 0
3 4 1
4 4 0
4 4 1
5 0 0
5 7 1
6 4 0
6 2 1
7 7 0
7 7 1
----
/157
4
0
2
0
1
15
0 0 0
0 2 0
0 1 1
1 0 0
1 1 0
1 3 0
1 3 1
2 0 0
2 1 0
2 2 0
2 0 1
2 2 1
3 0 0
3 2 0
3 3 1
6
0
5
0
1
2
3
5
12
0 1 0
0 2 1
1 1 0
1 1 1
2 3 0
2 4 1
3 1 0
3 5 1
4 1 0
4 4 1
5 1 0
5 4 1
----
/158
4
0
1
3
10
0 0 0
0 0 1
0 2 1
1 3 0
1 1 1
1 2 1
2 0 0
2 1 0
2 0 1
3 1 0
6
0
2
3
5
12
0 0 0
0 1 1
1 2 0
1 1 1
2 3 0
2 4 1
3 2 0
3 1 1
4 5 0
4 4 1
5 5 0
5 4 1
----
/159
4
0
1
0
15
0 1 0
0 2 0
0 0 1
0 2 1
0 3 1
1 2 0
1 3 0
1 1 1
2 1 0
2 2 0
2 3 1
3 2 0
3 0 1
3 2 1
3 3 1
6
0
2
0
4
12
0 1 0
0 0 1
1 2 0
1 3 1
2 2 0
2 4 1
3 5 0
3 4 1
4 2 0
4 4 1
5 1 0
5 0 1
----
/160
4
0
1
2
10
0 1 0
0 3 0
0 1 1
0 3 1
1 2 0
2 0 0
2 2 1
3 1 0
3 0 1
3 3 1
11
0
7
2
4
5
7
8
9
10
22
0 1 0
0 1 1
1 2 0
1 3 1
2 4 0
2 5 1
3 1 0
3 6 1
4 6 0
4 7 1
5 0 0
5 5 1
6 7 0
6 6 1
7 8 0
7 9 1
8 10 0
8 7 1
9 6 0
9 10 1
10 10 0
10 10 1
----
/161
4
0
2
0
3
12
0 1 0
0 3 0
0 3 1
1 0 1
1 1 1
1 2 1
2 2 0
2 1 1
3 2 0
3 0 1
3 2 1
3 3 1
6
0
3
0
1
3
12
0 1 0
0 1 1
1 2 0
1 3 1
2 2 0
2 4 1
3 1 0
3 3 1
4 5 0
4 3 1
5 5 0
5 5 1
----
/162
4
0
2
0
3
14
0 0 1
0 2 1
1 0 0
1 2 0
1 0 1
1 1 1
1 2 1
2 0 0
2 3 0
2 1 1
2 3 1
3 0 0
3 1 1
3 3 1
5
0
4
0
2
3
4
10
0 1 0
0 2 1
1 1 0
1 1 1
2 3 0
2 4 1
3 0 0
3 4 1
4 2 0
4 4 1
----
/163
4
0
1
2
19
0 0 0
0 0 1
0 2 1
1 1 0
1 2 0
1 3 0
1 0 1
1 1 1
1 2 1
1 3 1
2 0 0
2 1 0
2 0 1
2 2 1
2 3 1
3 0 0
3 3 0
3 1 1
3 2 1
5
0
3
1
3
4
10
0 0 0
0 1 1
1 2 0
1 3 1
2 4 0
2 4 1
3 2 0
3 4 1
4 4 0
4 4 1
----
/164
4
0
2
1
2
11
0 2 0
0 0 1
0 3 1
1 1 1
2 0 0
2 2 0
2 3 0
2 3 1
3 1 0
3 2 1
3 3 1
9
0
5
1
3
5
6
7
18
0 1 0
0 2 1
1 3 0
1 4 1
2 5 0
2 3 1
3 3 0
3 3 1
4 6 0
4 3 1
5 3 0
5 7 1
6 8 0
6 6 1
7 6 0
7 3 1
8 8 0
8 8 1
----
/165
4
0
1
3
15
0 0 1
0 1 1
1 0 0
1 2 0
1 1 1
1 3 1
2 0 0
2 1 0
2 2 0
2 0 1
2 2 1
3 0 0
3 2 0
3 1 1
3 3 1
7
0
2
4
6
14
0 1 0
0 2 1
1 1 0
1 1 1
2 3 0
2 4 1
3 5 0
3 5 1
4 3 0
4 4 1
5 5 0
5 6 1
6 5 0
6 6 1
----
/166
4
0
1
2
12
0 1 0
0 1 1
1 3 0
1 1 1
2 0 0
2 1 0
2 3 1
3 0 0
3 2 0
3 3 0
3 0 1
3 2 1
8
0
3
3
4
7
16
0 1 0
0 1 1
1 2 0
1 1 1
2 3 0
2 4 1
3 3 0
3 3 1
4 5 0
4 6 1
5 6 0
5 1 1
6 3 0
6 7 1
7 6 0
7 6 1
----
/167
4
0
3
0
1
2
13
0 2 0
0 1 1
0 2 1
0 3 1
1 1 0
1 3 1
2 1 0
2 2 1
3 0 0
3 2 0
3 3 0
3 0 1
3 1 1
8
0
7
0
1
2
3
5
6
7
16
0 1 0
0 2 1
1 3 0
1 1 1
2 2 0
2 2 1
3 3 0
3 4 1
4 2 0
4 5 1
5 6 0
5 2 1
6 3 0
6 7 1
7 2 0
7 5 1
----
/168
4
0
2
1
2
12
0 2 1
1 0 1
1 2 1
2 0 0
2 1 0
2 3 0
2 2 1
2 3 1
3 0 0
3 3 0
3 0 1
3 1 1
5
0
2
2
3
10
0 1 0
0 2 1
1 1 0
1 1 1
2 3 0
2 2 1
3 4 0
3 2 1
4 4 0
4 2 1
----
/169
4
0
1
1
15
0 0 0
0 1 0
0 3 0
0 1 1
0 3 1
1 0 0
1 3 0
2 0 0
2 1 0
2 2 0
2 3 0
2 2 1
3 2 0
3 1 1
3 2 1
7
0
4
1
2
3
5
14
0 1 0
0 2 1
1 1 0
1 3 1
2 4 0
2 5 1
3 1 0
3 5 1
4 1 0
4 3 1
5 1 0
5 6 1
6 1 0
6 6 1
----
/170
4
0
2
1
3
11
0 1 0
0 3 0
0 0 1
0 1 1
0 2 1
0 3 1
1 3 1
2 0 0
2 1 1
2 2 1
3 2 0
10
0
6
1
2
4
5
7
9
20
0 1 0
0 2 1
1 3 0
1 4 1
2 2 0
2 2 1
3 0 0
3 5 1
4 3 0
4 6 1
5 0 0
5 7 1
6 6 0
6 6 1
7 8 0
7 7 1
8 9 0
8 2 1
9 7 0
9 2 1
----
/171
4
0
1
1
16
0 0 0
0 2 0
0 3 1
1 1 0
1 3 0
1 0 1
1 1 1
1 2 1
1 3 1
2 0 0
2 1 0
2 3 0
2 1 1
2 2 1
3 1 1
3 2 1
5
0
1
3
10
0 1 0
0 2 1
1 3 0
1 3 1
2 4 0
2 3 1
3 3 0
3 3 1
4 4 0
4 4 1
----
/172
4
0
1
1
11
0 0 0
0 3 0
1 1 0
1 1 1
1 2 1
2 1 1
2 3 1
3 1 0
3 2 0
3 0 1
3 2 1
5
0
1
3
10
0 1 0
0 2 1
1 3 0
1 4 1
2 2 0
2 2 1
3 3 0
3 3 1
4 1 0
4 3 1
----
/173
4
0
2
0
3
15
0 3 0
0 2 1
0 3 1
1 0 0
1 1 0
1 3 0
1 2 1
2 1 0
2 2 0
2 0 1
2 2 1
2 3 1
3 0 1
3 1 1
3 2 1
6
0
4
0
1
2
4
12
0 1 0
0 2 1
1 3 0
1 4 1
2 5 0
2 4 1
3 3 0
3 3 1
4 4 0
4 4 1
5 4 0
5 4 1
----
/174
4
0
1
0
14
0 3 0
0 2 1
1 3 0
1 0 1
1 1 1
1 2 1
1 3 1
2 0 0
2 1 0
2 3 0
2 1 1
3 2 0
3 0 1
3 3 1
7
0
3
0
3
6
14
0 1 0
0 2 1
1 2 0
1 3 1
2 3 0
2 4 1
3 5 0
3 6 1
4 1 0
4 6 1
5 6 0
5 3 1
6 6 0
6 6 1
----
/175
4
0
1
1
16
0 2 0
0 0 1
0 1 1
1 0 0
1 2 0
1 3 0
1 0 1
2 0 0
2 3 0
2 0 1
2 1 1
2 3 1
3 1 0
3 2 0
3 3 0
3 3 1
5
0
2
2
4
10
0 1 0
0 2 1
1 3 0
1 4 1
2 3 0
2 2 1
3 4 0
3 4 1
4 4 0
4 4 1
----
/176
4
0
1
2
14
0 1 0
0 2 0
1 0 0
1 0 1
1 3 1
2 0 0
2 3 0
2 0 1
2 2 1
2 3 1
3 2 0
3 0 1
3 1 1
3 3 1
6
0
2
1
4
12
0 1 0
0 2 1
1 3 0
1 4 1
2 2 0
2 2 1
3 1 0
3 5 1
4 4 0
4 4 1
5 4 0
5 5 1
----
/177
4
0
3
0
1
2
12
0 0 0
0 2 0
0 1 1
0 2 1
1 3 0
1 0 1
1 1 1
1 3 1
2 2 0
2 3 1
3 0 1
3 1 1
8
0
6
0
1
2
3
4
5
16
0 0 0
0 1 1
1 2 0
1 3 1
2 4 0
2 3 1
3 5 0
3 3 1
4 4 0
4 6 1
5 0 0
5 3 1
6 7 0
6 3 1
7 7 0
7 7 1
----
/178
4
0
1
1
16
0 0 0
0 3 0
0 0 1
1 1 0
1 2 0
1 0 1
1 2 1
2 1 0
2 3 0
2 1 1
2 3 1
3 0 0
3 1 0
3 2 0
3 0 1
3 1 1
5
0
2
2
3
10
0 1 0
0 0 1
1 2 0
1 3 1
2 2 0
2 2 1
3 2 0
3 4 1
4 2 0
4 2 1
----
/179
4
0
1
1
12
0 0 0
0 2 0
0 3 0
0 1 1
1 0 0
1 1 0
2 0 0
2 2 0
2 3 0
2 3 1
3 1 0
3 0 1
7
0
4
2
3
4
5
14
0 1 0
0 2 1
1 3 0
1 4 1
2 5 0
2 6 1
3 3 0
3 4 1
4 3 0
4 5 1
5 3 0
5 2 1
6 6 0
6 6 1
----
/180
4
0
1
1
18
0 0 0
0 3 0
0 1 1
1 0 0
1 1 0
1 2 0
1 2 1
2 0 0
2 1 0
2 2 0
2 3 0
2 0 1
2 3 1
3 0 0
3 2 0
3 3 0
3 1 1
3 3 1
6
0
2
2
4
12
0 1 0
0 2 1
1 3 0
1 4 1
2 4 0
2 5 1
3 4 0
3 4 1
4 4 0
4 4 1
5 4 0
5 1 1
----
/181
4
0
2
1
3
15
0 1 0
0 0 1
0 1 1
0 2 1
0 3 1
1 3 0
1 2 1
2 0 0
2 1 0
2 3 0
2 0 1
2 1 1
3 0 0
3 1 0
3 1 1
5
0
3
1
2
3
10
0 1 0
0 2 1
1 3 0
1 4 1
2 2 0
2 2 1
3 2 0
3 1 1
4 2 0
4 2 1
----
/182
4
0
2
0
1
13
0 1 0
0 3 0
0 3 1
1 2 0
1 0 1
2 1 0
2 2 0
2 0 1
2 1 1
3 0 0
3 1 0
3 2 0
3 3 1
5
0
4
0
1
3
4
10
0 1 0
0 2 1
1 3 0
1 4 1
2 3 0
2 2 1
3 3 0
3 1 1
4 3 0
4 2 1
----
/183
4
0
2
2
3
14
0 1 1
0 3 1
1 0 0
1 1 0
1 0 1
1 1 1
2 2 1
2 3 1
3 0 0
3 1 0
3 2 0
3 3 0
3 0 1
3 2 1
6
0
3
2
3
4
12
0 1 0
0 2 1
1 1 0
1 1 1
2 3 0
2 4 1
3 3 0
3 3 1
4 5 0
4 3 1
5 5 0
5 3 1
----
/184
4
0
2
0
2
13
0 2 0
0 3 0
0 1 1
0 3 1
1 0 0
1 1 0
1 3 0
1 2 1
1 3 1
2 1 0
3 1 0
3 0 1
3 2 1
6
0
4
0
1
4
5
12
0 1 0
0 2 1
1 3 0
1 4 1
2 5 0
2 5 1
3 5 0
3 1 1
4 5 0
4 2 1
5 5 0
5 5 1
----
/185
4
0
2
2
3
11
0 2 0
0 3 0
1 3 0
1 0 1
1 3 1
2 1 0
2 2 0
2 3 0
2 3 1
3 0 0
3 3 0
6
0
4
1
3
4
5
12
0 1 0
0 2 1
1 3 0
1 4 1
2 2 0
2 2 1
3 3 0
3 5 1
4 5 0
4 2 1
5 1 0
5 2 1
----
/186
4
0
1
0
16
0 2 0
0 0 1
0 2 1
0 3 1
1 0 0
1 1 0
1 0 1
1 1 1
1 2 1
2 1 0
2 2 0
3 1 0
3 2 0
3 3 0
3 0 1
3 1 1
6
0
3
0
2
5
12
0 1 0
0 2 1
1 3 0
1 4 1
2 3 0
2 5 1
3 5 0
3 5 1
4 4 0
4 4 1
5 5 0
5 5 1
----
/187
4
0
1
3
18
0 3 0
0 0 1
0 1 1
0 2 1
1 0 0
1 1 0
1 2 0
1 3 0
1 0 1
1 1 1
1 3 1
2 0 0
2 0 1
2 1 1
2 2 1
3 3 0
3 0 1
3 2 1
6
0
3
1
4
5
12
0 1 0
0 2 1
1 1 0
1 3 1
2 4 0
2 4 1
3 5 0
3 2 1
4 4 0
4 4 1
5 1 0
5 2 1
----
/188
4
0
2
0
1
10
0 3 0
0 2 1
1 2 0
1 2 1
1 3 1
2 1 0
3 0 0
3 3 0
3 1 1
3 3 1
6
0
3
0
3
4
12
0 1 0
0 2 1
1 3 0
1 3 1
2 4 0
2 5 1
3 3 0
3 3 1
4 2 0
4 1 1
5 5 0
5 5 1
----
/189
4
0
2
0
3
12
0 2 0
0 3 0
0 2 1
0 3 1
1 0 0
1 0 1
1 1 1
2 1 0
2 2 0
2 2 1
3 0 0
3 2 0
5
0
3
0
1
2
10
0 1 0
0 1 1
1 2 0
1 3 1
2 2 0
2 2 1
3 4 0
3 3 1
4 2 0
4 2 1
----
/190
4
0
2
0
2
13
0 3 0
0 1 1
1 1 0
1 0 1
1 1 1
1 2 1
2 0 0
2 0 1
2 2 1
2 3 1
3 0 0
3 1 0
3 2 1
7
0
4
0
3
4
5
14
0 1 0
0 2 1
1 3 0
1 4 1
2 2 0
2 5 1
3 6 0
3 5 1
4 0 0
4 5 1
5 5 0
5 5 1
6 3 0
6 5 1
----
/191
4
0
1
2
14
0 1 0
0 0 1
0 1 1
0 3 1
1 2 0
1 0 1
1 1 1
1 2 1
2 3 0
2 1 1
2 2 1
2 3 1
3 3 0
3 1 1
7
0
3
3
4
5
14
0 1 0
0 2 1
1 3 0
1 4 1
2 5 0
2 4 1
3 6 0
3 5 1
4 5 0
4 4 1
5 3 0
5 4 1
6 6 0
6 1 1
----
/192
4
0
2
0
3
15
0 1 0
0 3 0
0 3 1
1 0 0
1 2 0
1 1 1
1 2 1
2 0 0
2 1 0
2 3 0
2 0 1
2 2 1
2 3 1
3 1 0
3 3 0
6
0
4
0
1
2
3
12
0 1 0
0 2 1
1 3 0
1 4 1
2 1 0
2 5 1
3 3 0
3 3 1
4 3 0
4 3 1
5 5 0
5 5 1
----
/193
4
0
1
1
11
0 2 0
1 3 0
1 1 1
2 0 0
2 1 0
2 0 1
2 1 1
3 0 0
3 2 0
3 1 1
3 2 1
12
0
6
3
5
6
8
10
11
24
0 1 0
0 2 1
1 3 0
1 3 1
2 2 0
2 2 1
3 4 0
3 5 1
4 6 0
4 6 1
5 7 0
5 5 1
6 8 0
6 3 1
7 9 0
7 10 1
8 8 0
8 6 1
9 6 0
9 3 1
10 11 0
10 3 1
11 4 0
11 10 1
----
/194
4
0
1
1
10
0 2 0
0 2 1
1 0 0
1 3 0
1 0 1
1 3 1
2 1 0
3 2 0
3 0 1
3 2 1
9
0
3
2
6
7
18
0 1 0
0 1 1
1 2 0
1 3 1
2 4 0
2 4 1
3 3 0
3 3 1
4 1 0
4 5 1
5 6 0
5 1 1
6 7 0
6 4 1
7 8 0
7 8 1
8 6 0
8 5 1
----
/195
4
0
1
3
11
0 1 0
0 1 1
0 3 1
1 0 0
2 1 0
2 3 0
2 2 1
3 0 0
3 2 0
3 3 0
3 1 1
9
0
4
2
4
5
7
18
0 1 0
0 2 1
1 0 0
1 3 1
2 4 0
2 1 1
3 3 0
3 3 1
4 4 0
4 5 1
5 4 0
5 6 1
6 7 0
6 8 1
7 4 0
7 2 1
8 2 0
8 8 1
----
/196
4
0
1
2
9
0 2 1
1 3 0
1 1 1
1 3 1
2 0 1
2 1 1
3 2 0
3 1 1
3 2 1
10
0
5
2
5
6
7
9
20
0 1 0
0 2 1
1 1 0
1 1 1
2 1 0
2 3 1
3 4 0
3 5 1
4 2 0
4 6 1
5 7 0
5 5 1
6 4 0
6 8 1
7 2 0
7 9 1
8 7 0
8 5 1
9 4 0
9 5 1
----
/197
4
0
1
3
15
0 0 0
0 2 0
0 0 1
0 1 1
1 0 0
1 0 1
1 1 1
1 2 1
2 2 0
2 3 0
2 1 1
2 3 1
3 3 0
3 0 1
3 1 1
7
0
3
3
4
6
14
0 1 0
0 2 1
1 3 0
1 4 1
2 1 0
2 5 1
3 3 0
3 4 1
4 3 0
4 5 1
5 3 0
5 6 1
6 3 0
6 6 1
----
/198
4
0
2
1
3
12
0 0 0
0 1 0
0 1 1
0 3 1
1 2 0
2 2 0
2 3 0
2 0 1
2 1 1
3 1 0
3 2 0
3 2 1
6
0
4
1
2
3
4
12
0 1 0
0 2 1
1 3 0
1 2 1
2 4 0
2 5 1
3 3 0
3 3 1
4 3 0
4 1 1
5 3 0
5 1 1
----
/199
4
0
1
2
15
0 2 0
0 0 1
1 1 0
1 0 1
1 1 1
1 2 1
1 3 1
2 1 0
2 3 0
2 3 1
3 2 0
3 3 0
3 0 1
3 1 1
3 3 1
6
0
3
1
4
5
12
0 1 0
0 0 1
1 2 0
1 3 1
2 4 0
2 4 1
3 5 0
3 2 1
4 4 0
4 4 1
5 4 0
5 2 1
----
/200
4
0
2
0
3
11
0 1 0
0 2 0
0 3 0
0 1 1
1 3 0
1 2 1
2 1 1
3 2 0
3 1 1
3 2 1
3 3 1
6
0
3
0
1
3
12
0 1 0
0 2 1
1 3 0
1 1 1
2 3 0
2 4 1
3 4 0
3 1 1
4 5 0
4 2 1
5 5 0
5 5 1
----
/201
4
0
1
3
14
0 0 0
0 2 1
1 1 0
1 2 0
1 0 1
1 1 1
1 3 1
2 0 0
2 3 0
2 1 1
2 2 1
3 0 0
3 2 0
3 2 1
5
0
2
2
4
10
0 0 0
0 1 1
1 2 0
1 3 1
2 1 0
2 1 1
3 4 0
3 4 1
4 4 0
4 4 1
----
/202
4
0
2
2
3
12
0 3 0
0 1 1
0 2 1
1 0 0
1 1 0
1 3 0
1 1 1
2 0 0
2 2 0
2 3 0
3 2 0
3 3 1
7
0
4
1
2
3
4
14
0 1 0
0 2 1
1 3 0
1 1 1
2 4 0
2 5 1
3 4 0
3 6 1
4 4 0
4 4 1
5 4 0
5 5 1
6 6 0
6 6 1
----
/203
4
0
2
0
2
12
0 0 0
0 2 1
1 1 0
1 2 0
1 1 1
1 3 1
2 1 0
2 3 1
3 0 0
3 2 0
3 3 0
3 2 1
7
0
4
0
1
4
6
14
0 0 0
0 1 1
1 2 0
1 3 1
2 4 0
2 5 1
3 6 0
3 1 1
4 4 0
4 5 1
5 6 0
5 6 1
6 6 0
6 6 1
----
/204
4
0
1
0
18
0 1 0
0 1 1
0 2 1
0 3 1
1 0 0
1 1 0
1 1 1
1 3 1
2 0 0
2 2 0
2 3 0
2 0 1
2 2 1
2 3 1
3 1 0
3 2 0
3 2 1
3 3 1
6
0
3
0
3
5
12
0 1 0
0 2 1
1 3 0
1 4 1
2 5 0
2 5 1
3 3 0
3 2 1
4 5 0
4 2 1
5 5 0
5 5 1
----
/205
4
0
1
0
16
0 0 0
0 1 0
0 3 0
0 2 1
1 0 0
1 1 0
1 1 1
1 2 1
2 0 0
2 3 0
2 3 1
3 0 0
3 1 0
3 3 0
3 0 1
3 1 1
9
0
5
0
1
3
6
7
18
0 1 0
0 2 1
1 1 0
1 3 1
2 1 0
2 4 1
3 1 0
3 5 1
4 1 0
4 6 1
5 1 0
5 7 1
6 1 0
6 8 1
7 1 0
7 7 1
8 1 0
8 5 1
----
/206
4
0
1
3
21
0 0 0
0 1 0
0 0 1
0 2 1
1 0 0
1 1 0
1 3 0
1 0 1
1 1 1
1 2 1
2 0 0
2 1 0
2 2 0
2 0 1
2 1 1
2 2 1
3 0 0
3 1 0
3 1 1
3 2 1
3 3 1
4
0
1
3
8
0 1 0
0 2 1
1 3 0
1 1 1
2 1 0
2 1 1
3 3 0
3 3 1
----
/207
4
0
1
2
13
0 3 0
1 1 0
1 0 1
1 1 1
1 3 1
2 0 1
2 1 1
2 2 1
2 3 1
3 0 0
3 1 0
3 2 1
3 3 1
8
0
2
4
7
16
0 1 0
0 2 1
1 3 0
1 4 1
2 2 0
2 2 1
3 5 0
3 6 1
4 3 0
4 7 1
5 3 0
5 7 1
6 6 0
6 7 1
7 6 0
7 7 1
----
/208
4
0
2
0
1
9
0 1 0
0 2 0
0 3 1
1 3 1
2 2 0
2 3 1
3 1 0
3 3 0
3 1 1
7
0
4
0
1
4
5
14
0 1 0
0 2 1
1 3 0
1 2 1
2 4 0
2 5 1
3 3 0
3 2 1
4 4 0
4 4 1
5 6 0
5 2 1
6 6 0
6 6 1
----
/209
4
0
1
0
11
0 2 0
0 1 1
1 2 0
2 0 0
2 0 1
2 1 1
2 3 1
3 0 0
3 1 0
3 0 1
3 1 1
6
0
3
0
3
5
12
0 1 0
0 2 1
1 0 0
1 3 1
2 1 0
2 4 1
3 5 0
3 0 1
4 4 0
4 4 1
5 5 0
5 3 1
----
/210
4
0
1
3
17
0 2 0
0 0 1
0 2 1
1 3 0
1 1 1
1 2 1
1 3 1
2 2 0
2 3 0
2 1 1
3 0 0
3 1 0
3 3 0
3 0 1
3 1 1
3 2 1
3 3 1
4
0
1
2
8
0 1 0
0 1 1
1 2 0
1 3 1
2 2 0
2 2 1
3 2 0
3 2 1
----
/211
4
0
2
0
1
15
0 0 0
0 1 0
0 2 0
0 3 0
0 2 1
1 0 0
1 1 0
1 3 0
2 2 0
2 3 0
2 1 1
3 1 0
3 2 0
3 2 1
3 3 1
7
0
4
0
1
4
5
14
0 1 0
0 2 1
1 1 0
1 1 1
2 3 0
2 4 1
3 1 0
3 1 1
4 5 0
4 6 1
5 1 0
5 3 1
6 6 0
6 6 1
----
/212
4
0
2
0
2
12
0 1 1
0 3 1
1 1 0
1 2 0
1 3 0
1 2 1
2 2 0
2 3 0
3 0 0
3 2 0
3 3 0
3 3 1
8
0
5
0
3
4
5
6
16
0 1 0
0 2 1
1 1 0
1 1 1
2 3 0
2 4 1
3 3 0
3 5 1
4 6 0
4 7 1
5 3 0
5 4 1
6 6 0
6 2 1
7 6 0
7 7 1
----
/213
4
0
1
0
15
0 0 0
0 3 1
1 0 0
1 1 0
1 2 0
1 1 1
1 2 1
1 3 1
2 1 0
2 2 0
2 0 1
3 0 0
3 1 0
3 1 1
3 2 1
5
0
3
0
2
4
10
0 0 0
0 1 1
1 2 0
1 3 1
2 4 0
2 3 1
3 4 0
3 4 1
4 4 0
4 4 1
----
/214
4
0
2
0
3
14
0 1 0
0 2 1
0 3 1
1 3 1
2 0 0
2 1 0
2 3 0
2 0 1
2 1 1
2 2 1
3 2 0
3 1 1
3 2 1
3 3 1
9
0
5
0
2
4
6
7
18
0 1 0
0 2 1
1 3 0
1 4 1
2 2 0
2 2 1
3 3 0
3 3 1
4 5 0
4 2 1
5 6 0
5 7 1
6 8 0
6 2 1
7 6 0
7 2 1
8 6 0
8 2 1
----
/215
4
0
1
0
17
0 2 0
0 1 1
1 0 0
1 1 0
1 2 0
1 3 0
1 0 1
1 2 1
1 3 1
2 0 0
2 1 0
2 2 0
2 3 0
2 1 1
2 3 1
3 2 0
3 2 1
6
0
3
0
3
4
12
0 1 0
0 2 1
1 3 0
1 2 1
2 3 0
2 4 1
3 3 0
3 3 1
4 3 0
4 5 1
5 3 0
5 3 1
----
/216
4
0
1
1
15
0 3 0
1 0 0
1 2 0
1 3 0
1 1 1
1 2 1
2 0 0
2 2 0
2 3 0
2 0 1
2 1 1
2 2 1
3 2 0
3 0 1
3 2 1
5
0
1
4
10
0 1 0
0 2 1
1 3 0
1 3 1
2 2 0
2 2 1
3 3 0
3 4 1
4 3 0
4 4 1
----
/217
4
0
1
3
13
0 2 0
0 3 0
0 2 1
1 0 0
1 3 0
1 1 1
1 3 1
2 1 0
2 0 1
3 0 0
3 3 0
3 0 1
3 3 1
4
0
1
1
8
0 1 0
0 2 1
1 1 0
1 1 1
2 3 0
2 0 1
3 1 0
3 1 1
----
/218
4
0
1
3
11
0 2 0
0 3 0
0 1 1
1 0 0
1 1 0
1 0 1
1 3 1
2 0 0
2 2 0
2 0 1
3 1 1
8
0
4
1
5
6
7
16
0 1 0
0 2 1
1 3 0
1 4 1
2 4 0
2 5 1
3 6 0
3 4 1
4 7 0
4 7 1
5 1 0
5 2 1
6 6 0
6 4 1
7 7 0
7 7 1
----
/219
4
0
1
2
15
0 0 0
0 1 0
0 2 0
0 3 0
0 1 1
1 0 0
1 3 0
2 0 0
2 2 0
2 3 0
2 2 1
3 0 0
3 1 0
3 1 1
3 3 1
6
0
1
1
12
0 1 0
0 2 1
1 1 0
1 1 1
2 3 0
2 4 1
3 1 0
3 5 1
4 4 0
4 4 1
5 3 0
5 5 1
----
/220
4
0
1
0
13
0 2 0
0 3 0
0 3 1
1 0 0
1 3 1
2 2 0
2 0 1
2 1 1
2 3 1
3 0 0
3 1 0
3 0 1
3 2 1
6
0
4
0
3
4
5
12
0 1 0
0 2 1
1 3 0
1 3 1
2 4 0
2 5 1
3 3 0
3 3 1
4 3 0
4 2 1
5 1 0
5 3 1
----
/221
4
0
1
0
16
0 1 1
0 2 1
1 1 0
1 3 0
1 0 1
1 1 1
2 0 0
2 1 0
2 2 0
2 3 0
2 0 1
3 1 0
3 2 0
3 0 1
3 1 1
3 2 1
7
0
3
0
3
4
14
0 1 0
0 2 1
1 1 0
1 1 1
2 3 0
2 4 1
3 3 0
3 3 1
4 5 0
4 3 1
5 6 0
5 3 1
6 3 0
6 3 1
----
/222
4
0
1
3
9
0 0 0
0 2 0
0 1 1
0 3 1
1 0 0
1 2 0
1 2 1
2 3 0
2 3 1
7
0
3
2
3
5
14
0 1 0
0 2 1
1 3 0
1 2 1
2 1 0
2 4 1
3 3 0
3 2 1
4 5 0
4 5 1
5 6 0
5 6 1
6 6 0
6 6 1
----
/223
4
0
1
2
16
0 3 0
0 0 1
0 3 1
1 1 0
1 2 0
1 3 0
1 2 1
1 3 1
2 0 0
2 3 0
2 0 1
2 1 1
3 0 0
3 2 0
3 0 1
3 1 1
8
0
3
3
5
7
16
0 1 0
0 2 1
1 3 0
1 4 1
2 5 0
2 6 1
3 2 0
3 6 1
4 7 0
4 5 1
5 5 0
5 6 1
6 7 0
6 7 1
7 7 0
7 7 1
----
/224
4
0
3
0
1
2
12
0 3 0
1 1 0
1 2 0
1 3 0
1 0 1
1 2 1
2 0 0
2 1 1
3 0 0
3 1 0
3 2 0
3 2 1
8
0
6
0
3
4
5
6
7
16
0 1 0
0 2 1
1 3 0
1 4 1
2 2 0
2 2 1
3 3 0
3 3 1
4 0 0
4 5 1
5 3 0
5 6 1
6 7 0
6 5 1
7 3 0
7 4 1
----
/225
4
0
2
0
1
15
0 0 0
0 2 0
0 1 1
0 2 1
1 2 0
1 0 1
1 1 1
2 3 0
3 0 0
3 1 0
3 3 0
3 0 1
3 1 1
3 2 1
3 3 1
6
0
5
0
1
2
3
5
12
0 1 0
0 2 1
1 3 0
1 2 1
2 4 0
2 5 1
3 3 0
3 3 1
4 3 0
4 3 1
5 1 0
5 3 1
----
/226
4
0
1
0
12
0 1 0
0 1 1
0 2 1
0 3 1
1 1 0
1 0 1
1 1 1
1 3 1
2 0 0
2 3 0
2 2 1
3 2 0
6
0
3
0
3
4
12
0 1 0
0 2 1
1 1 0
1 3 1
2 4 0
2 4 1
3 5 0
3 4 1
4 4 0
4 4 1
5 3 0
5 4 1
----
/227
4
0
1
2
7
0 3 1
1 1 0
1 3 0
2 1 1
3 2 0
3 1 1
3 2 1
8
0
3
3
4
7
16
0 1 0
0 2 1
1 1 0
1 1 1
2 3 0
2 4 1
3 1 0
3 5 1
4 6 0
4 5 1
5 6 0
5 1 1
6 7 0
6 4 1
7 7 0
7 4 1
----
/228
4
0
2
0
2
13
0 0 0
0 1 1
1 0 0
1 3 0
2 3 0
2 0 1
2 2 1
3 0 0
3 1 0
3 2 0
3 3 0
3 1 1
3 3 1
6
0
3
0
2
4
12
0 0 0
0 1 1
1 2 0
1 3 1
2 4 0
2 5 1
3 3 0
3 3 1
4 4 0
4 4 1
5 4 0
5 5 1
----
/229
4
0
1
1
14
0 0 0
0 1 0
0 2 0
0 3 1
1 1 0
1 3 0
1 3 1
2 0 0
2 1 0
2 3 0
2 1 1
3 0 0
3 3 0
3 0 1
7
0
4
1
3
4
6
14
0 1 0
0 2 1
1 3 0
1 4 1
2 5 0
2 0 1
3 3 0
3 6 1
4 6 0
4 5 1
5 3 0
5 5 1
6 3 0
6 5 1
----
/230
4
0
1
1
14
0 0 0
0 3 1
1 0 0
1 1 0
1 2 0
1 3 0
1 2 1
2 0 0
2 1 0
2 1 1
2 2 1
3 1 0
3 0 1
3 3 1
5
0
2
2
3
10
0 0 0
0 1 1
1 2 0
1 1 1
2 3 0
2 4 1
3 3 0
3 3 1
4 2 0
4 3 1
----
/231
4
0
2
0
1
10
0 2 0
0 3 0
0 3 1
1 0 0
1 2 0
1 0 1
2 0 0
2 1 1
2 3 1
3 1 0
14
0
11
0
3
4
5
7
8
9
10
11
12
13
28
0 1 0
0 2 1
1 3 0
1 4 1
2 5 0
2 6 1
3 7 0
3 8 1
4 9 0
4 0 1
5 10 0
5 0 1
6 6 0
6 6 1
7 11 0
7 4 1
8 12 0
8 2 1
9 7 0
9 13 1
10 7 0
10 4 1
11 11 0
11 13 1
12 9 0
12 13 1
13 11 0
13 8 1
----
/232
4
0
1
0
14
0 0 0
0 3 0
0 2 1
0 3 1
1 1 0
1 2 0
1 1 1
1 2 1
1 3 1
2 0 1
2 1 1
3 0 0
3 2 0
3 3 1
7
0
5
0
1
3
4
5
14
0 1 0
0 2 1
1 3 0
1 2 1
2 4 0
2 5 1
3 3 0
3 3 1
4 1 0
4 3 1
5 3 0
5 6 1
6 3 0
6 3 1
----
/233
4
0
1
3
12
0 2 0
0 3 0
0 2 1
1 0 0
1 2 0
1 1 1
2 2 0
2 3 1
3 1 0
3 0 1
3 1 1
3 2 1
12
0
6
1
4
5
7
10
11
24
0 1 0
0 2 1
1 3 0
1 4 1
2 2 0
2 5 1
3 6 0
3 7 1
4 4 0
4 4 1
5 8 0
5 9 1
6 1 0
6 1 1
7 9 0
7 9 1
8 6 0
8 8 1
9 10 0
9 11 1
10 11 0
10 4 1
11 9 0
11 4 1
----
/234
4
0
2
1
3
14
0 1 0
0 2 1
1 0 0
1 2 0
1 2 1
1 3 1
2 0 0
2 2 0
2 0 1
2 3 1
3 0 0
3 1 1
3 2 1
3 3 1
8
0
5
1
4
5
6
7
16
0 1 0
0 2 1
1 3 0
1 4 1
2 3 0
2 5 1
3 6 0
3 6 1
4 3 0
4 6 1
5 7 0
5 4 1
6 6 0
6 6 1
7 6 0
7 4 1
----
/235
4
0
2
2
3
15
0 0 0
0 2 0
0 1 1
1 0 0
1 3 0
1 0 1
1 1 1
1 3 1
2 1 0
2 3 0
2 0 1
3 2 0
3 0 1
3 1 1
3 3 1
6
0
3
1
3
5
12
0 1 0
0 2 1
1 3 0
1 4 1
2 5 0
2 3 1
3 3 0
3 3 1
4 3 0
4 3 1
5 1 0
5 3 1
----
/236
4
0
2
1
3
12
0 0 0
0 3 0
0 1 1
0 2 1
1 2 1
2 3 0
2 0 1
2 2 1
3 0 0
3 3 0
3 0 1
3 1 1
6
0
4
1
2
3
5
12
0 1 0
0 2 1
1 1 0
1 1 1
2 3 0
2 4 1
3 1 0
3 5 1
4 1 0
4 1 1
5 1 0
5 2 1
----
/237
4
0
1
2
11
0 3 0
1 1 0
1 2 1
1 3 1
2 0 0
2 1 0
2 2 0
2 1 1
3 2 0
3 0 1
3 1 1
9
0
3
3
5
8
18
0 1 0
0 2 1
1 3 0
1 4 1
2 2 0
2 2 1
3 5 0
3 6 1
4 7 0
4 8 1
5 5 0
5 5 1
6 6 0
6 8 1
7 5 0
7 5 1
8 5 0
8 4 1
----
/238
4
0
2
0
3
10
0 1 0
0 3 0
0 1 1
1 3 0
1 1 1
1 2 1
2 0 1
3 1 0
3 2 0
3 1 1
7
0
5
0
1
3
5
6
14
0 1 0
0 2 1
1 3 0
1 4 1
2 5 0
2 4 1
3 3 0
3 6 1
4 5 0
4 6 1
5 4 0
5 2 1
6 1 0
6 6 1
----
/239
4
0
1
1
13
0 3 0
0 1 1
1 0 0
1 0 1
1 2 1
1 3 1
2 0 0
2 1 0
2 3 0
2 0 1
2 2 1
3 1 0
3 3 0
7
0
3
2
3
6
14
0 1 0
0 2 1
1 3 0
1 4 1
2 0 0
2 5 1
3 6 0
3 5 1
4 4 0
4 4 1
5 6 0
5 6 1
6 6 0
6 6 1
----
/240
4
0
1
1
10
0 0 0
0 3 0
0 0 1
0 2 1
1 0 0
1 1 1
1 3 1
2 1 0
3 2 0
3 0 1
6
0
2
4
5
12
0 1 0
0 2 1
1 3 0
1 2 1
2 4 0
2 2 1
3 5 0
3 2 1
4 3 0
4 5 1
5 5 0
5 5 1
----
/241
4
0
1
0
16
0 1 0
0 1 1
0 3 1
1 1 0
1 1 1
1 3 1
2 0 0
2 2 0
2 3 0
2 1 1
2 3 1
3 1 0
3 2 0
3 0 1
3 1 1
3 3 1
6
0
3
0
4
5
12
0 1 0
0 2 1
1 1 0
1 2 1
2 3 0
2 4 1
3 5 0
3 2 1
4 3 0
4 4 1
5 5 0
5 4 1
----
/242
4
0
3
0
1
2
16
0 1 1
0 2 1
1 0 0
1 1 1
1 3 1
2 1 0
2 2 0
2 3 0
2 0 1
2 1 1
3 0 0
3 1 0
3 0 1
3 1 1
3 2 1
3 3 1
6
0
5
0
2
3
4
5
12
0 1 0
0 2 1
1 1 0
1 1 1
2 3 0
2 4 1
3 3 0
3 3 1
4 5 0
4 3 1
5 0 0
5 3 1
----
/243
4
0
2
1
2
12
0 3 1
1 0 0
1 0 1
1 3 1
2 0 0
2 1 0
2 0 1
2 2 1
2 3 1
3 2 0
3 0 1
3 2 1
7
0
3
3
4
5
14
0 1 0
0 2 1
1 1 0
1 1 1
2 3 0
2 3 1
3 4 0
3 5 1
4 0 0
4 6 1
5 3 0
5 5 1
6 3 0
6 5 1
----
/244
4
0
1
2
14
0 3 0
0 0 1
1 1 0
1 0 1
1 2 1
1 3 1
2 1 0
2 2 0
2 3 0
2 1 1
2 3 1
3 0 0
3 0 1
3 1 1
7
0
2
4
5
14
0 1 0
0 0 1
1 0 0
1 2 1
2 3 0
2 4 1
3 2 0
3 5 1
4 5 0
4 6 1
5 5 0
5 5 1
6 6 0
6 5 1
----
/245
4
0
1
2
16
0 0 0
0 0 1
0 2 1
1 3 0
1 1 1
1 2 1
1 3 1
2 0 0
2 1 0
2 1 1
2 2 1
2 3 1
3 1 0
3 2 0
3 1 1
3 3 1
7
0
3
1
3
5
14
0 0 0
0 1 1
1 2 0
1 3 1
2 4 0
2 3 1
3 3 0
3 3 1
4 5 0
4 3 1
5 6 0
5 3 1
6 3 0
6 3 1
----
/246
4
0
1
3
14
0 1 0
0 2 0
0 3 0
0 0 1
1 1 0
1 0 1
1 2 1
2 1 0
2 3 0
2 0 1
2 1 1
2 2 1
3 1 0
3 0 1
4
0
2
1
2
8
0 1 0
0 0 1
1 2 0
1 0 1
2 3 0
2 0 1
3 3 0
3 0 1
----
/247
4
0
1
0
16
0 1 0
0 3 0
0 2 1
1 0 0
1 1 0
1 3 0
1 1 1
1 2 1
2 1 0
2 3 0
2 0 1
2 3 1
3 2 0
3 3 0
3 1 1
3 2 1
8
0
4
0
3
5
6
16
0 1 0
0 2 1
1 3 0
1 4 1
2 1 0
2 5 1
3 3 0
3 3 1
4 6 0
4 3 1
5 7 0
5 4 1
6 3 0
6 4 1
7 3 0
7 3 1
----
/248
4
0
1
3
14
0 1 0
0 0 1
0 1 1
0 3 1
1 0 0
1 2 1
2 0 0
2 1 0
2 2 0
2 2 1
3 0 0
3 2 0
3 3 0
3 0 1
5
0
1
2
10
0 1 0
0 2 1
1 0 0
1 3 1
2 2 0
2 2 1
3 4 0
3 3 1
4 4 0
4 2 1
----
/249
4
0
1
1
12
0 1 0
0 2 0
0 3 0
0 3 1
1 2 0
1 0 1
2 2 0
2 1 1
3 0 0
3 1 0
3 3 0
3 0 1
5
0
2
1
3
10
0 1 0
0 2 1
1 1 0
1 3 1
2 3 0
2 0 1
3 1 0
3 4 1
4 1 0
4 4 1
----
/250
4
0
1
0
18
0 0 0
0 2 1
1 0 0
1 1 0
1 2 0
1 3 0
1 1 1
1 2 1
2 0 0
2 3 0
2 1 1
2 2 1
2 3 1
3 0 0
3 2 0
3 3 0
3 0 1
3 1 1
6
0
4
0
2
4
5
12
0 0 0
0 1 1
1 2 0
1 3 1
2 4 0
2 5 1
3 4 0
3 4 1
4 4 0
4 4 1
5 4 0
5 3 1
----
/251
4
0
2
0
2
14
0 2 0
0 3 0
0 0 1
0 1 1
1 3 0
1 1 1
1 3 1
2 1 0
2 3 0
2 0 1
2 1 1
3 1 1
3 2 1
3 3 1
5
0
2
0
1
10
0 1 0
0 0 1
1 2 0
1 0 1
2 3 0
2 1 1
3 4 0
3 1 1
4 4 0
4 4 1
----
/252
4
0
3
1
2
3
13
0 3 1
1 0 1
1 1 1
1 2 1
2 0 0
2 1 0
2 1 1
2 3 1
3 0 0
3 2 0
3 0 1
3 2 1
3 3 1
5
0
3
2
3
4
10
0 1 0
0 2 1
1 1 0
1 1 1
2 3 0
2 2 1
3 4 0
3 2 1
4 1 0
4 2 1
----
/253
4
0
2
0
1
13
0 0 0
0 3 0
1 0 0
1 2 0
2 0 0
2 1 0
2 3 0
2 0 1
2 1 1
2 2 1
3 2 0
3 3 0
3 1 1
6
0
5
0
1
3
4
5
12
0 1 0
0 2 1
1 3 0
1 4 1
2 2 0
2 2 1
3 3 0
3 3 1
4 5 0
4 2 1
5 1 0
5 3 1
----
/254
4
0
3
0
2
3
11
0 1 0
0 3 1
1 0 0
1 2 0
1 2 1
2 0 0
2 1 1
2 2 1
2 3 1
3 0 0
3 3 1
8
0
7
0
2
3
4
5
6
7
16
0 1 0
0 2 1
1 3 0
1 4 1
2 0 0
2 2 1
3 5 0
3 6 1
4 0 0
4 6 1
5 7 0
5 4 1
6 3 0
6 6 1
7 7 0
7 6 1
----
/255
4
0
1
3
9
0 2 0
1 1 0
1 3 1
2 0 0
2 1 0
2 2 0
3 1 0
3 1 1
3 2 1
5
0
1
4
10
0 1 0
0 2 1
1 3 0
1 2 1
2 2 0
2 2 1
3 3 0
3 4 1
4 3 0
4 3 1
----
/256
4
0
1
3
13
0 1 0
0 0 1
0 1 1
0 2 1
1 1 0
1 2 0
1 1 1
2 0 0
2 2 0
2 3 0
2 1 1
3 0 1
3 3 1
5
0
1
4
10
0 1 0
0 2 1
1 3 0
1 1 1
2 4 0
2 2 1
3 4 0
3 1 1
4 4 0
4 4 1
----
/257
4
0
1
2
13
0 1 0
0 0 1
1 3 0
1 0 1
1 2 1
2 0 0
2 2 0
2 3 0
2 0 1
2 1 1
3 1 0
3 1 1
3 3 1
7
0
2
3
5
14
0 1 0
0 0 1
1 2 0
1 3 1
2 1 0
2 4 1
3 5 0
3 6 1
4 4 0
4 5 1
5 5 0
5 5 1
6 4 0
6 3 1
----
/258
4
0
1
0
16
0 2 0
0 0 1
0 1 1
0 2 1
0 3 1
1 0 0
1 2 0
1 3 0
1 0 1
1 2 1
2 0 0
2 2 1
2 3 1
3 2 0
3 1 1
3 3 1
5
0
2
0
2
10
0 1 0
0 2 1
1 0 0
1 3 1
2 2 0
2 2 1
3 2 0
3 4 1
4 2 0
4 2 1
----
/259
4
0
2
0
3
13
0 2 0
1 3 0
1 0 1
1 1 1
1 2 1
1 3 1
2 1 0
2 3 0
2 1 1
3 1 0
3 2 0
3 3 0
3 2 1
6
0
3
0
3
5
12
0 1 0
0 2 1
1 3 0
1 4 1
2 2 0
2 2 1
3 3 0
3 3 1
4 5 0
4 3 1
5 3 0
5 1 1
----
/260
4
0
2
0
2
10
0 0 0
0 1 0
0 2 1
1 0 1
1 2 1
1 3 1
2 0 0
3 0 0
3 1 1
3 2 1
6
0
5
0
1
2
3
5
12
0 1 0
0 2 1
1 1 0
1 3 1
2 0 0
2 4 1
3 1 0
3 5 1
4 4 0
4 4 1
5 0 0
5 3 1
----
/261
4
0
1
1
15
0 3 1
1 0 0
1 2 0
1 3 0
1 0 1
1 1 1
1 3 1
2 0 0
2 1 0
2 2 0
2 3 0
3 0 0
3 2 0
3 3 0
3 2 1
7
0
1
5
14
0 1 0
0 2 1
1 1 0
1 1 1
2 3 0
2 4 1
3 5 0
3 6 1
4 5 0
4 1 1
5 5 0
5 5 1
6 5 0
6 4 1
----
/262
4
0
2
0
1
15
0 2 0
0 3 0
0 1 1
0 2 1
1 0 0
1 2 0
1 3 0
2 1 0
2 2 0
2 1 1
2 3 1
3 0 0
3 1 0
3 2 0
3 0 1
5
0
4
0
2
3
4
10
0 1 0
0 2 1
1 3 0
1 3 1
2 3 0
2 4 1
3 3 0
3 3 1
4 3 0
4 0 1
----
/263
4
0
1
1
13
0 1 0
0 3 0
0 1 1
1 3 0
1 2 1
2 0 0
2 1 0
2 2 0
2 1 1
2 2 1
3 3 0
3 0 1
3 1 1
7
0
4
1
2
4
6
14
0 1 0
0 2 1
1 3 0
1 4 1
2 3 0
2 5 1
3 3 0
3 6 1
4 4 0
4 4 1
5 4 0
5 4 1
6 1 0
6 4 1
----
/264
4
0
2
2
3
16
0 0 1
0 2 1
1 0 0
1 2 0
1 0 1
1 3 1
2 3 0
2 0 1
2 1 1
2 2 1
2 3 1
3 0 0
3 1 0
3 0 1
3 2 1
3 3 1
6
0
3
2
3
4
12
0 1 0
0 2 1
1 1 0
1 1 1
2 3 0
2 4 1
3 5 0
3 4 1
4 4 0
4 4 1
5 2 0
5 4 1
----
/265
4
0
3
1
2
3
11
0 2 0
0 3 0
0 1 1
0 2 1
1 0 0
1 3 1
2 3 0
2 1 1
2 3 1
3 2 0
3 3 0
7
0
5
1
2
3
4
5
14
0 1 0
0 2 1
1 1 0
1 3 1
2 4 0
2 3 1
3 4 0
3 5 1
4 1 0
4 2 1
5 1 0
5 6 1
6 6 0
6 6 1
----
/266
4
0
1
2
14
0 1 0
0 2 0
0 0 1
0 1 1
1 0 0
1 3 0
1 1 1
2 1 0
2 3 0
2 2 1
3 0 0
3 2 0
3 1 1
3 2 1
5
0
2
1
4
10
0 1 0
0 2 1
1 3 0
1 1 1
2 4 0
2 2 1
3 4 0
3 4 1
4 4 0
4 4 1
----
/267
4
0
1
3
16
0 2 0
0 0 1
0 3 1
1 1 0
1 2 0
1 3 0
1 0 1
1 3 1
2 0 0
2 1 1
2 2 1
2 3 1
3 0 0
3 1 0
3 2 1
3 3 1
6
0
3
2
3
5
12
0 1 0
0 2 1
1 0 0
1 3 1
2 4 0
2 5 1
3 3 0
3 3 1
4 3 0
4 3 1
5 4 0
5 3 1
----
/268
4
0
2
0
2
9
0 2 0
0 3 0
0 1 1
1 3 1
2 2 0
2 1 1
3 2 0
3 1 1
3 3 1
6
0
3
0
1
3
12
0 1 0
0 2 1
1 3 0
1 4 1
2 5 0
2 4 1
3 3 0
3 2 1
4 3 0
4 4 1
5 5 0
5 5 1
----
/269
4
0
2
0
1
12
0 1 1
0 2 1
0 3 1
1 0 0
1 3 0
1 0 1
1 3 1
2 1 0
2 0 1
2 1 1
3 0 0
3 0 1
6
0
5
0
2
3
4
5
12
0 1 0
0 2 1
1 1 0
1 1 1
2 3 0
2 3 1
3 4 0
3 5 1
4 0 0
4 5 1
5 3 0
5 5 1
----
/270
4
0
2
0
3
13
0 0 0
0 1 0
1 0 0
1 2 0
1 3 0
1 0 1
1 2 1
1 3 1
2 0 0
2 1 0
2 3 0
3 2 0
3 2 1
5
0
3
0
1
3
10
0 1 0
0 2 1
1 1 0
1 3 1
2 2 0
2 2 1
3 1 0
3 4 1
4 1 0
4 2 1
----
/271
4
0
2
2
3
11
0 1 0
0 2 0
0 0 1
1 0 0
1 1 0
1 3 1
2 0 0
2 0 1
3 1 1
3 2 1
3 3 1
6
0
4
1
3
4
5
12
0 1 0
0 0 1
1 2 0
1 3 1
2 4 0
2 3 1
3 1 0
3 5 1
4 4 0
4 3 1
5 4 0
5 5 1
----
/272
4
0
1
2
13
0 3 0
0 0 1
1 0 0
1 3 0
1 0 1
1 1 1
1 2 1
2 0 1
2 1 1
3 2 0
3 0 1
3 2 1
3 3 1
10
0
5
2
3
6
7
9
20
0 1 0
0 0 1
1 2 0
1 3 1
2 4 0
2 5 1
3 6 0
3 7 1
4 4 0
4 4 1
5 8 0
5 9 1
6 2 0
6 7 1
7 3 0
7 7 1
8 6 0
8 3 1
9 8 0
9 9 1
----
/273
4
0
1
0
15
0 1 0
0 2 0
0 3 0
0 1 1
0 2 1
1 1 0
1 2 0
1 3 0
1 2 1
1 3 1
2 3 1
3 1 0
3 2 0
3 3 0
3 0 1
7
0
4
0
3
5
6
14
0 1 0
0 2 1
1 1 0
1 3 1
2 1 0
2 4 1
3 1 0
3 3 1
4 1 0
4 5 1
5 1 0
5 6 1
6 1 0
6 1 1
----
/274
4
0
1
2
11
0 1 0
0 3 0
0 0 1
0 1 1
0 2 1
1 2 1
1 3 1
2 1 0
2 2 0
3 0 0
3 3 0
9
0
4
2
4
5
6
18
0 1 0
0 2 1
1 3 0
1 4 1
2 5 0
2 6 1
3 7 0
3 2 1
4 6 0
4 8 1
5 6 0
5 4 1
6 6 0
6 6 1
7 7 0
7 6 1
8 8 0
8 8 1
----
/275
4
0
1
0
18
0 3 0
0 0 1
0 1 1
0 2 1
0 3 1
1 0 1
1 1 1
1 2 1
2 2 0
2 3 0
2 1 1
2 2 1
2 3 1
3 0 0
3 2 0
3 3 0
3 2 1
3 3 1
5
0
2
0
2
10
0 1 0
0 2 1
1 2 0
1 3 1
2 2 0
2 2 1
3 2 0
3 4 1
4 2 0
4 2 1
----
/276
4
0
1
1
15
0 1 0
0 3 0
0 0 1
0 3 1
1 0 0
1 0 1
1 1 1
2 0 0
2 1 0
2 1 1
2 3 1
3 0 0
3 2 0
3 2 1
3 3 1
5
0
2
1
4
10
0 1 0
0 2 1
1 3 0
1 4 1
2 4 0
2 3 1
3 4 0
3 4 1
4 4 0
4 4 1
----
/277
4
0
1
1
14
0 3 0
0 1 1
1 0 0
1 2 0
1 3 0
1 0 1
1 1 1
2 0 0
2 1 0
2 3 0
2 1 1
2 2 1
3 0 0
3 2 0
7
0
2
2
6
14
0 1 0
0 2 1
1 3 0
1 4 1
2 5 0
2 2 1
3 2 0
3 6 1
4 4 0
4 4 1
5 6 0
5 6 1
6 6 0
6 6 1
----
/278
4
0
1
2
9
0 0 0
0 2 0
0 3 0
1 0 1
1 3 1
2 1 1
3 0 0
3 1 0
3 2 0
7
0
2
1
3
14
0 1 0
0 2 1
1 3 0
1 4 1
2 2 0
2 2 1
3 3 0
3 5 1
4 2 0
4 6 1
5 3 0
5 6 1
6 3 0
6 2 1
----
/279
4
0
1
3
14
0 1 0
0 3 0
0 2 1
1 1 1
1 2 1
2 1 0
2 0 1
2 1 1
2 2 1
2 3 1
3 0 0
3 1 0
3 1 1
3 2 1
7
0
3
1
4
6
14
0 1 0
0 2 1
1 0 0
1 2 1
2 3 0
2 4 1
3 5 0
3 2 1
4 6 0
4 4 1
5 5 0
5 5 1
6 6 0
6 2 1
----
/280
4
0
1
3
12
0 1 0
0 2 0
0 1 1
1 2 0
1 3 0
1 2 1
1 3 1
2 1 0
2 2 1
3 0 0
3 1 0
3 2 1
8
0
3
3
4
5
16
0 1 0
0 2 1
1 3 0
1 4 1
2 4 0
2 4 1
3 5 0
3 4 1
4 6 0
4 7 1
5 5 0
5 3 1
6 3 0
6 3 1
7 2 0
7 7 1
----
/281
4
0
2
1
2
15
0 2 0
0 2 1
0 3 1
1 0 1
1 1 1
1 2 1
1 3 1
2 0 0
2 3 0
2 2 1
2 3 1
3 1 0
3 0 1
3 2 1
3 3 1
7
0
5
1
2
4
5
6
14
0 1 0
0 2 1
1 3 0
1 2 1
2 4 0
2 5 1
3 6 0
3 5 1
4 6 0
4 5 1
5 5 0
5 5 1
6 3 0
6 5 1
----
/282
4
0
2
2
3
19
0 3 0
0 1 1
0 2 1
0 3 1
1 1 0
1 0 1
1 2 1
1 3 1
2 1 0
2 2 0
2 3 0
2 0 1
2 2 1
2 3 1
3 1 0
3 0 1
3 1 1
3 2 1
3 3 1
4
0
2
1
2
8
0 1 0
0 2 1
1 3 0
1 2 1
2 2 0
2 2 1
3 3 0
3 2 1
----
/283
4
0
1
1
16
0 0 0
0 2 0
0 3 1
1 0 0
1 3 0
1 0 1
1 2 1
1 3 1
2 0 0
2 1 0
2 2 0
2 3 0
2 0 1
2 1 1
2 3 1
3 1 1
9
0
4
3
4
6
8
18
0 1 0
0 2 1
1 3 0
1 4 1
2 5 0
2 6 1
3 3 0
3 3 1
4 1 0
4 3 1
5 5 0
5 5 1
6 7 0
6 1 1
7 1 0
7 8 1
8 7 0
8 3 1
----
/284
4
0
3
0
2
3
14
0 1 0
0 0 1
0 3 1
1 0 0
1 3 1
2 0 0
2 0 1
2 2 1
2 3 1
3 2 0
3 0 1
3 1 1
3 2 1
3 3 1
7
0
6
0
2
3
4
5
6
14
0 1 0
0 2 1
1 0 0
1 2 1
2 3 0
2 4 1
3 0 0
3 4 1
4 5 0
4 4 1
5 6 0
5 4 1
6 6 0
6 2 1
----
/285
4
0
2
2
3
12
0 2 0
0 1 1
1 0 0
1 2 0
1 3 0
2 1 0
2 2 0
2 3 0
2 3 1
3 1 0
3 1 1
3 2 1
6
0
3
1
3
4
12
0 1 0
0 2 1
1 3 0
1 4 1
2 3 0
2 5 1
3 3 0
3 3 1
4 2 0
4 1 1
5 5 0
5 5 1
----
/286
4
0
1
3
16
0 0 0
0 1 0
0 0 1
1 0 0
1 1 0
1 2 0
1 0 1
1 3 1
2 1 0
2 2 0
2 3 0
2 1 1
2 2 1
3 2 0
3 0 1
3 1 1
5
0
2
3
4
10
0 1 0
0 0 1
1 2 0
1 3 1
2 4 0
2 4 1
3 2 0
3 1 1
4 4 0
4 4 1
----
/287
4
0
1
2
12
0 1 0
0 3 0
0 0 1
0 2 1
1 1 0
1 1 1
1 3 1
2 1 1
3 0 0
3 1 0
3 0 1
3 1 1
7
0
3
2
5
6
14
0 1 0
0 2 1
1 3 0
1 4 1
2 1 0
2 5 1
3 1 0
3 6 1
4 4 0
4 6 1
5 1 0
5 6 1
6 4 0
6 6 1
----
/288
4
0
1
1
20
0 2 0
0 0 1
0 1 1
0 2 1
0 3 1
1 0 0
1 1 0
1 2 0
1 3 0
1 1 1
1 2 1
1 3 1
2 1 0
2 2 0
2 3 0
2 3 1
3 1 0
3 2 0
3 0 1
3 3 1
5
0
1
2
10
0 1 0
0 2 1
1 2 0
1 3 1
2 2 0
2 2 1
3 2 0
3 4 1
4 2 0
4 2 1
----
/289
4
0
1
1
15
0 0 0
0 3 0
0 2 1
0 3 1
1 2 0
1 3 1
2 0 0
2 1 0
2 2 0
2 3 0
2 3 1
3 0 0
3 2 0
3 3 0
3 3 1
6
0
1
4
12
0 1 0
0 2 1
1 3 0
1 2 1
2 4 0
2 5 1
3 4 0
3 2 1
