#initial state is fixed to 0 the format of output is the following
#/number of the automaton
#number of states
#id of initial state (-1 if none)
#number of final states followed by final states enumeration
#number of transitions followed by its enumeration
#from_state to_state character
#begin of output:

/1
1
0
0
0
1
0
0
2
0 0 0
0 0 1
----
/2
1
0
1
0
0
2
0
1
0
4
0 1 0
0 1 1
1 1 0
1 1 1
----
/3
1
0
1
0
1
0 0 0
2
0
1
0
4
0 0 0
0 1 1
1 1 0
1 1 1
----
/4
1
0
1
0
1
0 0 1
2
0
1
0
4
0 1 0
0 0 1
1 1 0
1 1 1
----
/5
1
0
1
0
2
0 0 0
0 0 1
1
0
1
0
2
0 0 0
0 0 1
----
#initial state is fixed to 0 the format of output is the following
#/number of the automaton
#number of states
#id of initial state (-1 if none)
#number of final states followed by final states enumeration
#number of transitions followed by its enumeration
#from_state to_state character
#begin of output:

/6
2
0
1
1
1
0 1 0
3
0
1
1
6
0 1 0
0 2 1
1 2 0
1 2 1
2 2 0
2 2 1
----
/7
2
0
1
1
1
0 1 1
3
0
1
2
6
0 1 0
0 2 1
1 1 0
1 1 1
2 1 0
2 1 1
----
/8
2
0
2
0
1
1
0 1 0
3
0
2
0
1
6
0 1 0
0 2 1
1 2 0
1 2 1
2 2 0
2 2 1
----
/9
2
0
2
0
1
1
0 1 1
3
0
2
0
2
6
0 1 0
0 2 1
1 1 0
1 1 1
2 1 0
2 1 1
----
/10
2
0
1
1
2
0 0 0
0 1 0
3
0
1
1
6
0 1 0
0 2 1
1 1 0
1 2 1
2 2 0
2 2 1
----
/11
2
0
1
1
2
0 0 1
0 1 1
3
0
1
2
6
0 1 0
0 2 1
1 1 0
1 1 1
2 1 0
2 2 1
----
/12
2
0
1
0
2
0 1 0
1 0 0
3
0
1
0
6
0 1 0
0 2 1
1 0 0
1 2 1
2 2 0
2 2 1
----
/13
2
0
1
0
2
0 1 1
1 0 1
3
0
1
0
6
0 1 0
0 2 1
1 1 0
1 1 1
2 1 0
2 0 1
----
/14
2
0
1
1
2
0 1 0
1 0 0
3
0
1
1
6
0 1 0
0 2 1
1 0 0
1 2 1
2 2 0
2 2 1
----
/15
2
0
1
1
2
0 1 1
1 0 1
3
0
1
2
6
0 1 0
0 2 1
1 1 0
1 1 1
2 1 0
2 0 1
----
/16
2
0
1
0
3
0 1 0
1 0 0
1 1 0
4
0
2
0
3
8
0 1 0
0 2 1
1 3 0
1 2 1
2 2 0
2 2 1
3 3 0
3 2 1
----
/17
2
0
1
0
3
0 1 1
1 0 1
1 1 1
4
0
2
0
3
8
0 1 0
0 2 1
1 1 0
1 1 1
2 1 0
2 3 1
3 1 0
3 3 1
----
/18
2
0
1
1
2
0 0 0
0 1 1
3
0
1
1
6
0 0 0
0 1 1
1 2 0
1 2 1
2 2 0
2 2 1
----
/19
2
0
1
1
2
0 1 0
0 0 1
3
0
1
1
6
0 1 0
0 0 1
1 2 0
1 2 1
2 2 0
2 2 1
----
/20
2
0
2
0
1
2
0 0 0
0 1 1
3
0
2
0
1
6
0 0 0
0 1 1
1 2 0
1 2 1
2 2 0
2 2 1
----
/21
2
0
2
0
1
2
0 1 0
0 0 1
3
0
2
0
1
6
0 1 0
0 0 1
1 2 0
1 2 1
2 2 0
2 2 1
----
/22
2
0
1
1
2
0 1 0
0 1 1
3
0
1
1
6
0 1 0
0 1 1
1 2 0
1 2 1
2 2 0
2 2 1
----
/23
2
0
2
0
1
2
0 1 0
0 1 1
3
0
2
0
1
6
0 1 0
0 1 1
1 2 0
1 2 1
2 2 0
2 2 1
----
/24
2
0
1
1
3
0 0 0
0 0 1
0 1 1
2
0
1
1
4
0 0 0
0 1 1
1 0 0
1 1 1
----
/25
2
0
1
1
3
0 0 0
0 1 0
0 0 1
2
0
1
1
4
0 1 0
0 0 1
1 1 0
1 0 1
----
/26
2
0
1
1
3
0 1 0
0 0 1
0 1 1
4
0
2
1
2
8
0 1 0
0 2 1
1 3 0
1 3 1
2 1 0
2 2 1
3 3 0
3 3 1
----
/27
2
0
1
1
3
0 0 0
0 1 0
0 1 1
4
0
2
1
2
8
0 1 0
0 2 1
1 1 0
1 2 1
2 3 0
2 3 1
3 3 0
3 3 1
----
/28
2
0
1
1
4
0 0 0
0 1 0
0 0 1
0 1 1
2
0
1
1
4
0 1 0
0 1 1
1 1 0
1 1 1
----
/29
2
0
1
0
2
0 1 0
1 0 1
3
0
1
0
6
0 1 0
0 2 1
1 2 0
1 0 1
2 2 0
2 2 1
----
/30
2
0
1
0
2
0 1 1
1 0 0
3
0
1
0
6
0 1 0
0 2 1
1 1 0
1 1 1
2 0 0
2 1 1
----
/31
2
0
1
1
2
0 1 0
1 0 1
3
0
1
1
6
0 1 0
0 2 1
1 2 0
1 0 1
2 2 0
2 2 1
----
/32
2
0
1
1
2
0 1 1
1 0 0
3
0
1
2
6
0 1 0
0 2 1
1 1 0
1 1 1
2 0 0
2 1 1
----
/33
2
0
2
0
1
2
0 1 0
1 0 1
3
0
2
0
1
6
0 1 0
0 2 1
1 2 0
1 0 1
2 2 0
2 2 1
----
/34
2
0
2
0
1
2
0 1 1
1 0 0
3
0
2
0
2
6
0 1 0
0 2 1
1 1 0
1 1 1
2 0 0
2 1 1
----
/35
2
0
1
0
3
0 0 0
0 1 0
1 0 1
3
0
2
0
1
6
0 1 0
0 2 1
1 1 0
1 0 1
2 2 0
2 2 1
----
/36
2
0
1
0
3
0 0 1
0 1 1
1 0 0
3
0
2
0
2
6
0 1 0
0 2 1
1 1 0
1 1 1
2 0 0
2 2 1
----
/37
2
0
1
1
3
0 0 0
0 1 0
1 0 1
3
0
1
1
6
0 1 0
0 2 1
1 1 0
1 0 1
2 2 0
2 2 1
----
/38
2
0
1
1
3
0 0 1
0 1 1
1 0 0
3
0
1
2
6
0 1 0
0 2 1
1 1 0
1 1 1
2 0 0
2 2 1
----
/39
2
0
1
0
3
0 1 0
0 0 1
1 0 1
3
0
1
0
6
0 1 0
0 0 1
1 2 0
1 0 1
2 2 0
2 2 1
----
/40
2
0
1
0
3
0 0 0
0 1 1
1 0 0
3
0
1
0
6
0 0 0
0 1 1
1 0 0
1 2 1
2 2 0
2 2 1
----
/41
2
0
1
1
3
0 1 0
0 0 1
1 0 1
3
0
1
1
6
0 1 0
0 0 1
1 2 0
1 0 1
2 2 0
2 2 1
----
/42
2
0
1
1
3
0 0 0
0 1 1
1 0 0
3
0
1
1
6
0 0 0
0 1 1
1 0 0
1 2 1
2 2 0
2 2 1
----
/43
2
0
2
0
1
3
0 1 0
0 0 1
1 0 1
3
0
2
0
1
6
0 1 0
0 0 1
1 2 0
1 0 1
2 2 0
2 2 1
----
/44
2
0
2
0
1
3
0 0 0
0 1 1
1 0 0
3
0
2
0
1
6
0 0 0
0 1 1
1 0 0
1 2 1
2 2 0
2 2 1
----
/45
2
0
1
0
3
0 0 0
0 1 1
1 0 1
3
0
1
0
6
0 0 0
0 1 1
1 2 0
1 0 1
2 2 0
2 2 1
----
/46
2
0
1
0
3
0 1 0
0 0 1
1 0 0
3
0
1
0
6
0 1 0
0 0 1
1 0 0
1 2 1
2 2 0
2 2 1
----
/47
2
0
1
1
3
0 0 0
0 1 1
1 0 1
3
0
1
1
6
0 0 0
0 1 1
1 2 0
1 0 1
2 2 0
2 2 1
----
/48
2
0
1
1
3
0 1 0
0 0 1
1 0 0
3
0
1
1
6
0 1 0
0 0 1
1 0 0
1 2 1
2 2 0
2 2 1
----
/49
2
0
2
0
1
3
0 0 0
0 1 1
1 0 1
3
0
2
0
1
6
0 0 0
0 1 1
1 2 0
1 0 1
2 2 0
2 2 1
----
/50
2
0
2
0
1
3
0 1 0
0 0 1
1 0 0
3
0
2
0
1
6
0 1 0
0 0 1
1 0 0
1 2 1
2 2 0
2 2 1
----
/51
2
0
1
0
3
0 1 0
0 1 1
1 0 1
3
0
1
0
6
0 1 0
0 1 1
1 2 0
1 0 1
2 2 0
2 2 1
----
/52
2
0
1
0
3
0 1 0
0 1 1
1 0 0
3
0
1
0
6
0 1 0
0 1 1
1 0 0
1 2 1
2 2 0
2 2 1
----
/53
2
0
1
1
3
0 1 0
0 1 1
1 0 1
3
0
1
1
6
0 1 0
0 1 1
1 2 0
1 0 1
2 2 0
2 2 1
----
/54
2
0
1
1
3
0 1 0
0 1 1
1 0 0
3
0
1
1
6
0 1 0
0 1 1
1 0 0
1 2 1
2 2 0
2 2 1
----
/55
2
0
2
0
1
3
0 1 0
0 1 1
1 0 1
3
0
2
0
1
6
0 1 0
0 1 1
1 2 0
1 0 1
2 2 0
2 2 1
----
/56
2
0
2
0
1
3
0 1 0
0 1 1
1 0 0
3
0
2
0
1
6
0 1 0
0 1 1
1 0 0
1 2 1
2 2 0
2 2 1
----
/57
2
0
1
0
4
0 0 0
0 1 0
0 1 1
1 0 1
4
0
2
0
1
8
0 1 0
0 2 1
1 1 0
1 1 1
2 3 0
2 0 1
3 3 0
3 3 1
----
/58
2
0
1
0
4
0 1 0
0 0 1
0 1 1
1 0 0
4
0
2
0
2
8
0 1 0
0 2 1
1 0 0
1 3 1
2 2 0
2 2 1
3 3 0
3 3 1
----
/59
2
0
1
1
4
0 0 0
0 1 0
0 1 1
1 0 1
4
0
2
1
2
8
0 1 0
0 2 1
1 1 0
1 1 1
2 3 0
2 0 1
3 3 0
3 3 1
----
/60
2
0
1
1
4
0 1 0
0 0 1
0 1 1
1 0 0
4
0
2
1
2
8
0 1 0
0 2 1
1 0 0
1 3 1
2 2 0
2 2 1
3 3 0
3 3 1
----
/61
2
0
2
0
1
4
0 0 0
0 1 0
0 1 1
1 0 1
4
0
3
0
1
2
8
0 1 0
0 2 1
1 1 0
1 1 1
2 3 0
2 0 1
3 3 0
3 3 1
----
/62
2
0
2
0
1
4
0 1 0
0 0 1
0 1 1
1 0 0
4
0
3
0
1
2
8
0 1 0
0 2 1
1 0 0
1 3 1
2 2 0
2 2 1
3 3 0
3 3 1
----
/63
2
0
1
0
3
0 1 1
1 0 0
1 0 1
3
0
1
0
6
0 1 0
0 2 1
1 1 0
1 1 1
2 0 0
2 0 1
----
/64
2
0
1
0
3
0 1 0
1 0 0
1 0 1
3
0
1
0
6
0 1 0
0 2 1
1 0 0
1 0 1
2 2 0
2 2 1
----
/65
2
0
1
1
3
0 1 1
1 0 0
1 0 1
3
0
1
2
6
0 1 0
0 2 1
1 1 0
1 1 1
2 0 0
2 0 1
----
/66
2
0
1
1
3
0 1 0
1 0 0
1 0 1
3
0
1
1
6
0 1 0
0 2 1
1 0 0
1 0 1
2 2 0
2 2 1
----
/67
2
0
2
0
1
3
0 1 1
1 0 0
1 0 1
3
0
2
0
2
6
0 1 0
0 2 1
1 1 0
1 1 1
2 0 0
2 0 1
----
/68
2
0
2
0
1
3
0 1 0
1 0 0
1 0 1
3
0
2
0
1
6
0 1 0
0 2 1
1 0 0
1 0 1
2 2 0
2 2 1
----
/69
2
0
1
0
4
0 0 0
0 1 1
1 0 0
1 0 1
2
0
1
0
4
0 0 0
0 1 1
1 0 0
1 0 1
----
/70
2
0
1
0
4
0 1 0
0 0 1
1 0 0
1 0 1
2
0
1
0
4
0 1 0
0 0 1
1 0 0
1 0 1
----
/71
2
0
1
1
4
0 0 0
0 1 1
1 0 0
1 0 1
2
0
1
1
4
0 0 0
0 1 1
1 0 0
1 0 1
----
/72
2
0
1
1
4
0 1 0
0 0 1
1 0 0
1 0 1
2
0
1
1
4
0 1 0
0 0 1
1 0 0
1 0 1
----
/73
2
0
1
0
4
0 1 0
0 1 1
1 0 0
1 0 1
2
0
1
0
4
0 1 0
0 1 1
1 0 0
1 0 1
----
/74
2
0
1
1
4
0 1 0
0 1 1
1 0 0
1 0 1
2
0
1
1
4
0 1 0
0 1 1
1 0 0
1 0 1
----
/75
2
0
1
1
4
0 1 0
0 0 1
0 1 1
1 0 1
4
0
2
1
2
8
0 1 0
0 2 1
1 3 0
1 0 1
2 1 0
2 2 1
3 3 0
3 3 1
----
/76
2
0
1
1
4
0 0 0
0 1 0
0 1 1
1 0 0
4
0
2
1
2
8
0 1 0
0 2 1
1 1 0
1 2 1
2 0 0
2 3 1
3 3 0
3 3 1
----
/77
2
0
1
0
5
0 1 0
0 0 1
0 1 1
1 0 0
1 0 1
3
0
2
0
2
6
0 1 0
0 2 1
1 0 0
1 0 1
2 2 0
2 2 1
----
/78
2
0
1
0
5
0 0 0
0 1 0
0 1 1
1 0 0
1 0 1
3
0
2
0
1
6
0 1 0
0 2 1
1 1 0
1 1 1
2 0 0
2 0 1
----
/79
2
0
1
1
5
0 1 0
0 0 1
0 1 1
1 0 0
1 0 1
3
0
2
1
2
6
0 1 0
0 2 1
1 0 0
1 0 1
2 2 0
2 2 1
----
/80
2
0
1
1
5
0 0 0
0 1 0
0 1 1
1 0 0
1 0 1
3
0
2
1
2
6
0 1 0
0 2 1
1 1 0
1 1 1
2 0 0
2 0 1
----
/81
2
0
1
1
2
0 1 0
1 1 1
3
0
1
1
6
0 1 0
0 2 1
1 2 0
1 1 1
2 2 0
2 2 1
----
/82
2
0
1
1
2
0 1 1
1 1 0
3
0
1
2
6
0 1 0
0 2 1
1 1 0
1 1 1
2 2 0
2 1 1
----
/83
2
0
2
0
1
2
0 1 0
1 1 1
3
0
2
0
1
6
0 1 0
0 2 1
1 2 0
1 1 1
2 2 0
2 2 1
----
/84
2
0
2
0
1
2
0 1 1
1 1 0
3
0
2
0
2
6
0 1 0
0 2 1
1 1 0
1 1 1
2 2 0
2 1 1
----
/85
2
0
1
1
3
0 0 0
0 1 0
1 1 1
4
0
2
1
3
8
0 1 0
0 2 1
1 1 0
1 3 1
2 2 0
2 2 1
3 2 0
3 3 1
----
/86
2
0
1
1
3
0 0 1
0 1 1
1 1 0
4
0
2
2
3
8
0 1 0
0 2 1
1 1 0
1 1 1
2 3 0
2 2 1
3 3 0
3 1 1
----
/87
2
0
2
0
1
3
0 0 0
0 1 0
1 1 1
4
0
3
0
1
3
8
0 1 0
0 2 1
1 1 0
1 3 1
2 2 0
2 2 1
3 2 0
3 3 1
----
/88
2
0
2
0
1
3
0 0 1
0 1 1
1 1 0
4
0
3
0
2
3
8
0 1 0
0 2 1
1 1 0
1 1 1
2 3 0
2 2 1
3 3 0
3 1 1
----
/89
2
0
1
0
3
0 1 0
1 0 0
1 1 1
3
0
1
0
6
0 1 0
0 2 1
1 0 0
1 1 1
2 2 0
2 2 1
----
/90
2
0
1
0
3
0 1 1
1 1 0
1 0 1
3
0
1
0
6
0 1 0
0 2 1
1 1 0
1 1 1
2 2 0
2 0 1
----
/91
2
0
1
1
3
0 1 0
1 0 0
1 1 1
3
0
1
1
6
0 1 0
0 2 1
1 0 0
1 1 1
2 2 0
2 2 1
----
/92
2
0
1
1
3
0 1 1
1 1 0
1 0 1
3
0
1
2
6
0 1 0
0 2 1
1 1 0
1 1 1
2 2 0
2 0 1
----
/93
2
0
2
0
1
3
0 1 0
1 0 0
1 1 1
3
0
2
0
1
6
0 1 0
0 2 1
1 0 0
1 1 1
2 2 0
2 2 1
----
/94
2
0
2
0
1
3
0 1 1
1 1 0
1 0 1
3
0
2
0
2
6
0 1 0
0 2 1
1 1 0
1 1 1
2 2 0
2 0 1
----
/95
2
0
1
0
4
0 0 0
0 1 0
1 0 0
1 1 1
4
0
2
0
1
8
0 1 0
0 2 1
1 1 0
1 3 1
2 2 0
2 2 1
3 0 0
3 3 1
----
/96
2
0
1
0
4
0 0 1
0 1 1
1 1 0
1 0 1
4
0
2
0
2
8
0 1 0
0 2 1
1 1 0
1 1 1
2 3 0
2 2 1
3 3 0
3 0 1
----
/97
2
0
1
1
4
0 0 0
0 1 0
1 0 0
1 1 1
4
0
2
1
3
8
0 1 0
0 2 1
1 1 0
1 3 1
2 2 0
2 2 1
3 0 0
3 3 1
----
/98
2
0
1
1
4
0 0 1
0 1 1
1 1 0
1 0 1
4
0
2
2
3
8
0 1 0
0 2 1
1 1 0
1 1 1
2 3 0
2 2 1
3 3 0
3 0 1
----
/99
2
0
2
0
1
4
0 0 0
0 1 0
1 0 0
1 1 1
4
0
3
0
1
3
8
0 1 0
0 2 1
1 1 0
1 3 1
2 2 0
2 2 1
3 0 0
3 3 1
----
/100
2
0
2
0
1
4
0 0 1
0 1 1
1 1 0
1 0 1
4
0
3
0
2
3
8
0 1 0
0 2 1
1 1 0
1 1 1
2 3 0
2 2 1
3 3 0
3 0 1
----
/101
2
0
1
1
3
0 1 0
0 0 1
1 1 1
3
0
1
1
6
0 1 0
0 0 1
1 2 0
1 1 1
2 2 0
2 2 1
----
/102
2
0
1
1
3
0 0 0
0 1 1
1 1 0
3
0
1
1
6
0 0 0
0 1 1
1 1 0
1 2 1
2 2 0
2 2 1
----
/103
2
0
2
0
1
3
0 1 0
0 0 1
1 1 1
3
0
2
0
1
6
0 1 0
0 0 1
1 2 0
1 1 1
2 2 0
2 2 1
----
/104
2
0
2
0
1
3
0 0 0
0 1 1
1 1 0
3
0
2
0
1
6
0 0 0
0 1 1
1 1 0
1 2 1
2 2 0
2 2 1
----
/105
2
0
1
1
4
0 0 0
0 1 0
0 0 1
1 1 1
2
0
1
1
4
0 1 0
0 0 1
1 1 0
1 1 1
----
/106
2
0
1
1
4
0 0 0
0 0 1
0 1 1
1 1 0
2
0
1
1
4
0 0 0
0 1 1
1 1 0
1 1 1
----
/107
2
0
1
0
4
0 1 0
0 0 1
1 0 0
1 1 1
2
0
1
0
4
0 1 0
0 0 1
1 0 0
1 1 1
----
/108
2
0
1
0
4
0 0 0
0 1 1
1 1 0
1 0 1
2
0
1
0
4
0 0 0
0 1 1
1 1 0
1 0 1
----
/109
2
0
1
1
4
0 1 0
0 0 1
1 0 0
1 1 1
2
0
1
1
4
0 1 0
0 0 1
1 0 0
1 1 1
----
/110
2
0
1
1
4
0 0 0
0 1 1
1 1 0
1 0 1
2
0
1
1
4
0 0 0
0 1 1
1 1 0
1 0 1
----
/111
2
0
1
1
3
0 0 0
0 1 1
1 1 1
3
0
1
1
6
0 0 0
0 1 1
1 2 0
1 1 1
2 2 0
2 2 1
----
/112
2
0
1
1
3
0 1 0
0 0 1
1 1 0
3
0
1
1
6
0 1 0
0 0 1
1 1 0
1 2 1
2 2 0
2 2 1
----
/113
2
0
2
0
1
3
0 0 0
0 1 1
1 1 1
3
0
2
0
1
6
0 0 0
0 1 1
1 2 0
1 1 1
2 2 0
2 2 1
----
/114
2
0
2
0
1
3
0 1 0
0 0 1
1 1 0
3
0
2
0
1
6
0 1 0
0 0 1
1 1 0
1 2 1
2 2 0
2 2 1
----
/115
2
0
1
1
3
0 1 0
0 1 1
1 1 1
3
0
1
1
6
0 1 0
0 1 1
1 2 0
1 1 1
2 2 0
2 2 1
----
/116
2
0
1
1
3
0 1 0
0 1 1
1 1 0
3
0
1
1
6
0 1 0
0 1 1
1 1 0
1 2 1
2 2 0
2 2 1
----
/117
2
0
2
0
1
3
0 1 0
0 1 1
1 1 1
3
0
2
0
1
6
0 1 0
0 1 1
1 2 0
1 1 1
2 2 0
2 2 1
----
/118
2
0
2
0
1
3
0 1 0
0 1 1
1 1 0
3
0
2
0
1
6
0 1 0
0 1 1
1 1 0
1 2 1
2 2 0
2 2 1
----
/119
2
0
1
1
4
0 0 0
0 1 0
0 1 1
1 1 1
4
0
2
1
2
8
0 1 0
0 2 1
1 1 0
1 2 1
2 3 0
2 2 1
3 3 0
3 3 1
----
/120
2
0
1
1
4
0 1 0
0 0 1
0 1 1
1 1 0
4
0
2
1
2
8
0 1 0
0 2 1
1 1 0
1 3 1
2 1 0
2 2 1
3 3 0
3 3 1
----
/121
2
0
1
0
3
0 1 1
1 0 0
1 1 1
3
0
1
0
6
0 1 0
0 2 1
1 1 0
1 1 1
2 0 0
2 2 1
----
/122
2
0
1
0
3
0 1 0
1 1 0
1 0 1
3
0
1
0
6
0 1 0
0 2 1
1 1 0
1 0 1
2 2 0
2 2 1
----
/123
2
0
1
0
4
0 0 0
0 1 1
1 0 0
1 1 1
2
0
1
0
4
0 0 0
0 1 1
1 0 0
1 1 1
----
/124
2
0
1
0
4
0 1 0
0 0 1
1 1 0
1 0 1
2
0
1
0
4
0 1 0
0 0 1
1 1 0
1 0 1
----
/125
2
0
1
0
4
0 1 0
0 1 1
1 0 0
1 1 1
2
0
1
0
4
0 1 0
0 1 1
1 0 0
1 1 1
----
/126
2
0
1
0
4
0 1 0
0 1 1
1 1 0
1 0 1
2
0
1
0
4
0 1 0
0 1 1
1 1 0
1 0 1
----
/127
2
0
1
1
4
0 1 0
0 1 1
1 0 0
1 1 1
2
0
1
1
4
0 1 0
0 1 1
1 0 0
1 1 1
----
/128
2
0
1
1
4
0 1 0
0 1 1
1 1 0
1 0 1
2
0
1
1
4
0 1 0
0 1 1
1 1 0
1 0 1
----
/129
2
0
1
1
5
0 0 0
0 1 0
0 1 1
1 0 0
1 1 1
3
0
2
1
2
6
0 1 0
0 2 1
1 1 0
1 2 1
2 0 0
2 2 1
----
/130
2
0
1
1
5
0 1 0
0 0 1
0 1 1
1 1 0
1 0 1
3
0
2
1
2
6
0 1 0
0 2 1
1 1 0
1 0 1
2 1 0
2 2 1
----
/131
2
0
1
1
3
0 1 1
1 1 0
1 1 1
3
0
1
2
6
0 1 0
0 2 1
1 1 0
1 1 1
2 2 0
2 2 1
----
/132
2
0
1
1
3
0 1 0
1 1 0
1 1 1
3
0
1
1
6
0 1 0
0 2 1
1 1 0
1 1 1
2 2 0
2 2 1
----
/133
2
0
2
0
1
3
0 1 1
1 1 0
1 1 1
3
0
2
0
2
6
0 1 0
0 2 1
1 1 0
1 1 1
2 2 0
2 2 1
----
/134
2
0
2
0
1
3
0 1 0
1 1 0
1 1 1
3
0
2
0
1
6
0 1 0
0 2 1
1 1 0
1 1 1
2 2 0
2 2 1
----
/135
2
0
1
1
4
0 1 0
0 0 1
0 1 1
1 1 1
4
0
2
1
2
8
0 1 0
0 2 1
1 3 0
1 1 1
2 1 0
2 2 1
3 3 0
3 3 1
----
/136
2
0
1
1
4
0 0 0
0 1 0
0 1 1
1 1 0
4
0
2
1
2
8
0 1 0
0 2 1
1 1 0
1 2 1
2 2 0
2 3 1
3 3 0
3 3 1
----
/137
2
0
1
0
5
0 1 0
0 0 1
0 1 1
1 0 0
1 1 1
3
0
2
0
2
6
0 1 0
0 2 1
1 0 0
1 1 1
2 2 0
2 2 1
----
/138
2
0
1
0
5
0 0 0
0 1 0
0 1 1
1 1 0
1 0 1
3
0
2
0
1
6
0 1 0
0 2 1
1 1 0
1 1 1
2 2 0
2 0 1
----
/139
2
0
1
1
5
0 1 0
0 0 1
0 1 1
1 0 0
1 1 1
3
0
2
1
2
6
0 1 0
0 2 1
1 0 0
1 1 1
2 2 0
2 2 1
----
/140
2
0
1
1
5
0 0 0
0 1 0
0 1 1
1 1 0
1 0 1
3
0
2
1
2
6
0 1 0
0 2 1
1 1 0
1 1 1
2 2 0
2 0 1
----
/141
2
0
1
0
3
0 1 0
1 0 1
1 1 1
4
0
2
0
3
8
0 1 0
0 2 1
1 2 0
1 3 1
2 2 0
2 2 1
3 1 0
3 3 1
----
/142
2
0
1
0
3
0 1 1
1 0 0
1 1 0
4
0
2
0
3
8
0 1 0
0 2 1
1 1 0
1 1 1
2 3 0
2 1 1
3 3 0
3 2 1
----
/143
2
0
1
1
3
0 1 0
1 0 1
1 1 1
4
0
2
1
3
8
0 1 0
0 2 1
1 2 0
1 3 1
2 2 0
2 2 1
3 1 0
3 3 1
----
/144
2
0
1
1
3
0 1 1
1 0 0
1 1 0
4
0
2
2
3
8
0 1 0
0 2 1
1 1 0
1 1 1
2 3 0
2 1 1
3 3 0
3 2 1
----
/145
2
0
2
0
1
3
0 1 0
1 0 1
1 1 1
4
0
3
0
1
3
8
0 1 0
0 2 1
1 2 0
1 3 1
2 2 0
2 2 1
3 1 0
3 3 1
----
/146
2
0
2
0
1
3
0 1 1
1 0 0
1 1 0
4
0
3
0
2
3
8
0 1 0
0 2 1
1 1 0
1 1 1
2 3 0
2 1 1
3 3 0
3 2 1
----
/147
2
0
1
0
4
0 1 0
1 0 0
1 0 1
1 1 1
4
0
2
0
3
8
0 1 0
0 2 1
1 0 0
1 3 1
2 2 0
2 2 1
3 3 0
3 3 1
----
/148
2
0
1
0
4
0 1 1
1 0 0
1 1 0
1 0 1
4
0
2
0
3
8
0 1 0
0 2 1
1 1 0
1 1 1
2 3 0
2 0 1
3 3 0
3 3 1
----
/149
2
0
1
1
4
0 1 0
1 0 0
1 0 1
1 1 1
4
0
2
1
3
8
0 1 0
0 2 1
1 0 0
1 3 1
2 2 0
2 2 1
3 3 0
3 3 1
----
/150
2
0
1
1
4
0 1 1
1 0 0
1 1 0
1 0 1
4
0
2
2
3
8
0 1 0
0 2 1
1 1 0
1 1 1
2 3 0
2 0 1
3 3 0
3 3 1
----
/151
2
0
2
0
1
4
0 1 0
1 0 0
1 0 1
1 1 1
4
0
3
0
1
3
8
0 1 0
0 2 1
1 0 0
1 3 1
2 2 0
2 2 1
3 3 0
3 3 1
----
/152
2
0
2
0
1
4
0 1 1
1 0 0
1 1 0
1 0 1
4
0
3
0
2
3
8
0 1 0
0 2 1
1 1 0
1 1 1
2 3 0
2 0 1
3 3 0
3 3 1
----
/153
2
0
1
0
4
0 1 0
1 1 0
1 0 1
1 1 1
4
0
2
0
3
8
0 1 0
0 2 1
1 1 0
1 3 1
2 2 0
2 2 1
3 1 0
3 3 1
----
/154
2
0
1
0
4
0 1 1
1 0 0
1 1 0
1 1 1
4
0
2
0
3
8
0 1 0
0 2 1
1 1 0
1 1 1
2 3 0
2 2 1
3 3 0
3 2 1
----
/155
2
0
1
1
4
0 1 0
0 0 1
1 0 1
1 1 1
4
0
2
1
3
8
0 1 0
0 0 1
1 2 0
1 3 1
2 2 0
2 2 1
3 1 0
3 3 1
----
/156
2
0
1
1
4
0 0 0
0 1 1
1 0 0
1 1 0
4
0
2
1
2
8
0 0 0
0 1 1
1 2 0
1 3 1
2 2 0
2 1 1
3 3 0
3 3 1
----
/157
2
0
1
0
5
0 1 0
0 0 1
1 0 0
1 0 1
1 1 1
3
0
2
0
2
6
0 1 0
0 0 1
1 0 0
1 2 1
2 2 0
2 2 1
----
/158
2
0
1
0
5
0 0 0
0 1 1
1 0 0
1 1 0
1 0 1
3
0
2
0
2
6
0 0 0
0 1 1
1 2 0
1 0 1
2 2 0
2 2 1
----
/159
2
0
1
1
5
0 1 0
0 0 1
1 0 0
1 0 1
1 1 1
3
0
2
1
2
6
0 1 0
0 0 1
1 0 0
1 2 1
2 2 0
2 2 1
----
/160
2
0
1
1
5
0 0 0
0 1 1
1 0 0
1 1 0
1 0 1
3
0
2
1
2
6
0 0 0
0 1 1
1 2 0
1 0 1
2 2 0
2 2 1
----
/161
2
0
1
0
4
0 0 0
0 1 1
1 0 1
1 1 1
4
0
2
0
3
8
0 0 0
0 1 1
1 2 0
1 3 1
2 2 0
2 2 1
3 0 0
3 3 1
----
/162
2
0
1
0
4
0 1 0
0 0 1
1 0 0
1 1 0
4
0
2
0
2
8
0 1 0
0 0 1
1 2 0
1 3 1
2 2 0
2 0 1
3 3 0
3 3 1
----
/163
2
0
1
1
4
0 0 0
0 1 1
1 0 1
1 1 1
4
0
2
1
3
8
0 0 0
0 1 1
1 2 0
1 3 1
2 2 0
2 2 1
3 0 0
3 3 1
----
/164
2
0
1
1
4
0 1 0
0 0 1
1 0 0
1 1 0
4
0
2
1
2
8
0 1 0
0 0 1
1 2 0
1 3 1
2 2 0
2 0 1
3 3 0
3 3 1
----
/165
2
0
2
0
1
4
0 0 0
0 1 1
1 0 1
1 1 1
4
0
3
0
1
3
8
0 0 0
0 1 1
1 2 0
1 3 1
2 2 0
2 2 1
3 0 0
3 3 1
----
/166
2
0
2
0
1
4
0 1 0
0 0 1
1 0 0
1 1 0
4
0
3
0
1
2
8
0 1 0
0 0 1
1 2 0
1 3 1
2 2 0
2 0 1
3 3 0
3 3 1
----
/167
2
0
1
0
4
0 1 0
0 1 1
1 0 1
1 1 1
4
0
2
0
3
8
0 1 0
0 1 1
1 2 0
1 3 1
2 2 0
2 2 1
3 1 0
3 3 1
----
/168
2
0
1
0
4
0 1 0
0 1 1
1 0 0
1 1 0
4
0
2
0
2
8
0 1 0
0 1 1
1 2 0
1 3 1
2 2 0
2 1 1
3 3 0
3 3 1
----
/169
2
0
1
1
4
0 1 0
0 1 1
1 0 1
1 1 1
4
0
2
1
3
8
0 1 0
0 1 1
1 2 0
1 3 1
2 2 0
2 2 1
3 1 0
3 3 1
----
/170
2
0
1
1
4
0 1 0
0 1 1
1 0 0
1 1 0
4
0
2
1
2
8
0 1 0
0 1 1
1 2 0
1 3 1
2 2 0
2 1 1
3 3 0
3 3 1
----
/171
2
0
2
0
1
4
0 1 0
0 1 1
1 0 1
1 1 1
4
0
3
0
1
3
8
0 1 0
0 1 1
1 2 0
1 3 1
2 2 0
2 2 1
3 1 0
3 3 1
----
/172
2
0
2
0
1
4
0 1 0
0 1 1
1 0 0
1 1 0
4
0
3
0
1
2
8
0 1 0
0 1 1
1 2 0
1 3 1
2 2 0
2 1 1
3 3 0
3 3 1
----
/173
2
0
1
0
5
0 0 0
0 1 0
0 1 1
1 0 1
1 1 1
4
0
2
0
1
8
0 1 0
0 2 1
1 1 0
1 1 1
2 3 0
2 1 1
3 3 0
3 3 1
----
/174
2
0
1
0
5
0 1 0
0 0 1
0 1 1
1 0 0
1 1 0
4
0
2
0
2
8
0 1 0
0 2 1
1 2 0
1 3 1
2 2 0
2 2 1
3 3 0
3 3 1
----
/175
2
0
1
1
5
0 0 0
0 1 0
0 1 1
1 0 1
1 1 1
4
0
2
1
2
8
0 1 0
0 2 1
1 1 0
1 1 1
2 3 0
2 1 1
3 3 0
3 3 1
----
/176
2
0
1
1
5
0 1 0
0 0 1
0 1 1
1 0 0
1 1 0
4
0
2
1
2
8
0 1 0
0 2 1
1 2 0
1 3 1
2 2 0
2 2 1
3 3 0
3 3 1
----
/177
2
0
2
0
1
5
0 0 0
0 1 0
0 1 1
1 0 1
1 1 1
4
0
3
0
1
2
8
0 1 0
0 2 1
1 1 0
1 1 1
2 3 0
2 1 1
3 3 0
3 3 1
----
/178
2
0
2
0
1
5
0 1 0
0 0 1
0 1 1
1 0 0
1 1 0
4
0
3
0
1
2
8
0 1 0
0 2 1
1 2 0
1 3 1
2 2 0
2 2 1
3 3 0
3 3 1
----
/179
2
0
1
0
4
0 1 1
1 0 0
1 0 1
1 1 1
4
0
2
0
3
8
0 1 0
0 2 1
1 1 0
1 1 1
2 0 0
2 3 1
3 0 0
3 3 1
----
/180
2
0
1
0
4
0 1 0
1 0 0
1 1 0
1 0 1
4
0
2
0
3
8
0 1 0
0 2 1
1 3 0
1 0 1
2 2 0
2 2 1
3 3 0
3 0 1
----
/181
2
0
1
0
5
0 0 0
0 1 1
1 0 0
1 0 1
1 1 1
3
0
2
0
2
6
0 0 0
0 1 1
1 0 0
1 2 1
2 0 0
2 2 1
----
/182
2
0
1
0
5
0 1 0
0 0 1
1 0 0
1 1 0
1 0 1
3
0
2
0
2
6
0 1 0
0 0 1
1 2 0
1 0 1
2 2 0
2 0 1
----
/183
2
0
1
0
5
0 1 0
0 1 1
1 0 0
1 0 1
1 1 1
3
0
2
0
2
6
0 1 0
0 1 1
1 0 0
1 2 1
2 2 0
2 2 1
----
/184
2
0
1
0
5
0 1 0
0 1 1
1 0 0
1 1 0
1 0 1
3
0
2
0
2
6
0 1 0
0 1 1
1 2 0
1 0 1
2 2 0
2 2 1
----
/185
2
0
1
1
5
0 1 0
0 1 1
1 0 0
1 0 1
1 1 1
3
0
2
1
2
6
0 1 0
0 1 1
1 0 0
1 2 1
2 2 0
2 2 1
----
/186
2
0
1
1
5
0 1 0
0 1 1
1 0 0
1 1 0
1 0 1
3
0
2
1
2
6
0 1 0
0 1 1
1 2 0
1 0 1
2 2 0
2 2 1
----
/187
2
0
1
0
6
0 0 0
0 1 0
0 1 1
1 0 0
1 0 1
1 1 1
3
0
2
0
1
6
0 1 0
0 2 1
1 1 0
1 1 1
2 0 0
2 1 1
----
/188
2
0
1
0
6
0 1 0
0 0 1
0 1 1
1 0 0
1 1 0
1 0 1
3
0
2
0
2
6
0 1 0
0 2 1
1 2 0
1 0 1
2 2 0
2 2 1
----
/189
2
0
1
1
6
0 0 0
0 1 0
0 1 1
1 0 0
1 0 1
1 1 1
3
0
2
1
2
6
0 1 0
0 2 1
1 1 0
1 1 1
2 0 0
2 1 1
----
/190
2
0
1
1
6
0 1 0
0 0 1
0 1 1
1 0 0
1 1 0
1 0 1
3
0
2
1
2
6
0 1 0
0 2 1
1 2 0
1 0 1
2 2 0
2 2 1
----
/191
2
0
1
0
4
0 1 1
1 1 0
1 0 1
1 1 1
4
0
2
0
3
8
0 1 0
0 2 1
1 1 0
1 1 1
2 2 0
2 3 1
3 2 0
3 3 1
----
/192
2
0
1
0
4
0 1 0
1 0 0
1 1 0
1 1 1
4
0
2
0
3
8
0 1 0
0 2 1
1 3 0
1 1 1
2 2 0
2 2 1
3 3 0
3 1 1
----
/193
2
0
1
0
5
0 0 0
0 1 1
1 1 0
1 0 1
1 1 1
3
0
2
0
2
6
0 0 0
0 1 1
1 1 0
1 2 1
2 2 0
2 2 1
----
/194
2
0
1
0
5
0 1 0
0 0 1
1 0 0
1 1 0
1 1 1
3
0
2
0
2
6
0 1 0
0 0 1
1 2 0
1 1 1
2 2 0
2 2 1
----
/195
2
0
1
0
5
0 1 0
0 1 1
1 1 0
1 0 1
1 1 1
3
0
2
0
2
6
0 1 0
0 1 1
1 1 0
1 2 1
2 1 0
2 2 1
----
/196
2
0
1
0
5
0 1 0
0 1 1
1 0 0
1 1 0
1 1 1
3
0
2
0
2
6
0 1 0
0 1 1
1 2 0
1 1 1
2 2 0
2 1 1
----
/197
2
0
1
0
6
0 0 0
0 1 0
0 1 1
1 1 0
1 0 1
1 1 1
3
0
2
0
1
6
0 1 0
0 2 1
1 1 0
1 1 1
2 2 0
2 1 1
----
/198
2
0
1
0
6
0 1 0
0 0 1
0 1 1
1 0 0
1 1 0
1 1 1
3
0
2
0
2
6
0 1 0
0 2 1
1 2 0
1 1 1
2 2 0
2 2 1
----
/199
2
0
1
0
5
0 1 1
1 0 0
1 1 0
1 0 1
1 1 1
4
0
2
0
3
8
0 1 0
0 2 1
1 1 0
1 1 1
2 3 0
2 3 1
3 3 0
3 3 1
----
/200
2
0
1
0
5
0 1 0
1 0 0
1 1 0
1 0 1
1 1 1
4
0
2
0
3
8
0 1 0
0 2 1
1 3 0
1 3 1
2 2 0
2 2 1
3 3 0
3 3 1
----
/201
2
0
1
0
6
0 0 0
0 1 1
1 0 0
1 1 0
1 0 1
1 1 1
3
0
2
0
2
6
0 0 0
0 1 1
1 2 0
1 2 1
2 2 0
2 2 1
----
/202
2
0
1
0
6
0 1 0
0 0 1
1 0 0
1 1 0
1 0 1
1 1 1
3
0
2
0
2
6
0 1 0
0 0 1
1 2 0
1 2 1
2 2 0
2 2 1
----
/203
2
0
1
0
6
0 1 0
0 1 1
1 0 0
1 1 0
1 0 1
1 1 1
3
0
2
0
2
6
0 1 0
0 1 1
1 2 0
1 2 1
2 2 0
2 2 1
----
/204
2
0
1
1
5
0 1 0
0 0 1
0 1 1
1 0 1
1 1 1
4
0
2
1
2
8
0 1 0
0 2 1
1 3 0
1 2 1
2 1 0
2 2 1
3 3 0
3 3 1
----
/205
2
0
1
1
5
0 0 0
0 1 0
0 1 1
1 0 0
1 1 0
4
0
2
1
2
8
0 1 0
0 2 1
1 1 0
1 2 1
2 1 0
2 3 1
3 3 0
3 3 1
----
/206
2
0
1
0
6
0 1 0
0 0 1
0 1 1
1 0 0
1 0 1
1 1 1
3
0
2
0
2
6
0 1 0
0 2 1
1 0 0
1 2 1
2 2 0
2 2 1
----
/207
2
0
1
0
6
0 0 0
0 1 0
0 1 1
1 0 0
1 1 0
1 0 1
3
0
2
0
1
6
0 1 0
0 2 1
1 1 0
1 1 1
2 1 0
2 0 1
----
/208
2
0
1
1
6
0 1 0
0 0 1
0 1 1
1 0 0
1 0 1
1 1 1
3
0
2
1
2
6
0 1 0
0 2 1
1 0 0
1 2 1
2 2 0
2 2 1
----
/209
2
0
1
1
6
0 0 0
0 1 0
0 1 1
1 0 0
1 1 0
1 0 1
3
0
2
1
2
6
0 1 0
0 2 1
1 1 0
1 1 1
2 1 0
2 0 1
----
/210
2
0
1
0
5
0 0 1
0 1 1
1 1 0
1 0 1
1 1 1
4
0
2
0
2
8
0 1 0
0 2 1
1 1 0
1 1 1
2 3 0
2 2 1
3 3 0
3 2 1
----
/211
2
0
1
0
5
0 0 0
0 1 0
1 0 0
1 1 0
1 1 1
4
0
2
0
1
8
0 1 0
0 2 1
1 1 0
1 3 1
2 2 0
2 2 1
3 1 0
3 3 1
----
/212
2
0
1
0
7
0 1 0
0 0 1
0 1 1
1 0 0
1 1 0
1 0 1
1 1 1
3
0
2
0
2
6
0 1 0
0 2 1
1 2 0
1 2 1
2 2 0
2 2 1
----
/213
2
0
1
0
7
0 0 0
0 1 0
0 1 1
1 0 0
1 1 0
1 0 1
1 1 1
3
0
2
0
1
6
0 1 0
0 2 1
1 1 0
1 1 1
2 1 0
2 1 1
----
