#initial state is fixed to 0 the format of output is the following
#/number of the automaton
#number of states
#number of final states followed by final states enumeration
#number of transitions followed by its enumeration
#from_state to_state character
#|minNFA number of states vs minDFA number of states|
#begin of output:
/1
1
0
0

1
0
0

|1 vs 1|

/2
1
1
0
0

2
1
1
4
0 0 0
0 0 1
1 0 0
1 0 1

|1 vs 2|

/3
1
1
0
1
0 0 0

2
1
1
4
0 0 0
0 0 1
1 1 0
1 0 1

|1 vs 2|

/4
1
1
0
1
0 0 1

2
1
1
4
0 0 0
0 0 1
1 0 0
1 1 1

|1 vs 2|

/5
2
2
0
1
1
0 1 0

3
2
1
2
6
0 0 0
0 0 1
1 0 0
1 0 1
2 1 0
2 0 1

|2 vs 3|

/6
2
1
1
2
0 0 0
0 1 0

3
1
2
6
0 0 0
0 0 1
1 2 0
1 0 1
2 2 0
2 0 1

|2 vs 3|

/7
2
1
0
2
0 1 0
1 0 0

3
1
1
6
0 0 0
0 0 1
1 2 0
1 0 1
2 1 0
2 0 1

|2 vs 3|

/8
2
1
0
3
0 1 0
1 0 0
1 1 0

4
2
1
3
8
0 0 0
0 0 1
1 2 0
1 0 1
2 3 0
2 0 1
3 3 0
3 0 1

|2 vs 4|

/9
2
2
0
1
1
0 1 1

3
2
1
2
6
0 0 0
0 0 1
1 0 0
1 0 1
2 0 0
2 1 1

|2 vs 3|

/10
2
1
1
2
0 0 0
0 1 1

3
1
2
6
0 0 0
0 0 1
1 1 0
1 2 1
2 0 0
2 0 1

|2 vs 3|

/11
2
2
0
1
2
0 1 0
0 1 1

3
2
1
2
6
0 0 0
0 0 1
1 0 0
1 0 1
2 1 0
2 1 1

|2 vs 3|

/12
2
1
1
2
0 0 1
0 1 1

3
1
2
6
0 0 0
0 0 1
1 0 0
1 2 1
2 0 0
2 2 1

|2 vs 3|

/13
2
1
0
3
0 0 0
0 0 1
0 1 1

1
1
0
2
0 0 0
0 0 1

|2 vs 1|

/14
2
1
1
3
0 1 0
0 0 1
0 1 1

4
2
2
3
8
0 0 0
0 0 1
1 2 0
1 3 1
2 0 0
2 0 1
3 2 0
3 3 1

|2 vs 4|

/15
2
1
1
2
0 1 0
1 0 1

3
1
2
6
0 0 0
0 0 1
1 2 0
1 0 1
2 0 0
2 1 1

|2 vs 3|

/16
2
1
0
3
0 0 0
0 1 0
1 0 1

3
2
1
2
6
0 0 0
0 0 1
1 2 0
1 0 1
2 2 0
2 1 1

|2 vs 3|

/17
2
1
0
3
0 1 0
0 0 1
1 0 1

3
1
2
6
0 0 0
0 0 1
1 0 0
1 2 1
2 1 0
2 2 1

|2 vs 3|

/18
2
2
0
1
3
0 1 0
0 0 1
1 0 1

3
2
1
2
6
0 0 0
0 0 1
1 0 0
1 2 1
2 1 0
2 2 1

|2 vs 3|

/19
2
1
1
4
0 0 0
0 1 0
0 0 1
1 0 1

2
1
1
4
0 1 0
0 0 1
1 1 0
1 0 1

|2 vs 2|

/20
2
1
0
2
0 1 1
1 0 1

3
1
1
6
0 0 0
0 0 1
1 0 0
1 2 1
2 0 0
2 1 1

|2 vs 3|

/21
2
1
1
3
0 0 0
0 1 1
1 0 1

3
1
2
6
0 0 0
0 0 1
1 1 0
1 2 1
2 0 0
2 1 1

|2 vs 3|

/22
2
1
0
3
0 1 0
0 1 1
1 0 1

3
1
1
6
0 0 0
0 0 1
1 2 0
1 2 1
2 0 0
2 1 1

|2 vs 3|

/23
2
2
0
1
3
0 1 0
0 1 1
1 0 1

3
2
1
2
6
0 0 0
0 0 1
1 2 0
1 2 1
2 0 0
2 1 1

|2 vs 3|

/24
2
1
1
4
0 0 0
0 1 0
0 1 1
1 0 1

4
2
2
3
8
0 0 0
0 0 1
1 3 0
1 2 1
2 0 0
2 1 1
3 3 0
3 3 1

|2 vs 4|

/25
2
1
0
3
0 1 1
1 0 0
1 0 1

3
1
1
6
0 0 0
0 0 1
1 0 0
1 2 1
2 1 0
2 1 1

|2 vs 3|

/26
2
2
0
1
3
0 1 1
1 0 0
1 0 1

3
2
1
2
6
0 0 0
0 0 1
1 0 0
1 2 1
2 1 0
2 1 1

|2 vs 3|

/27
2
1
1
4
0 0 0
0 1 1
1 0 0
1 0 1

2
1
1
4
0 0 0
0 1 1
1 0 0
1 0 1

|2 vs 2|

/28
2
1
0
4
0 1 0
0 1 1
1 0 0
1 0 1

2
1
0
4
0 1 0
0 1 1
1 0 0
1 0 1

|2 vs 2|

/29
2
1
1
4
0 1 0
0 0 1
0 1 1
1 0 1

4
2
2
3
8
0 0 0
0 0 1
1 2 0
1 3 1
2 0 0
2 1 1
3 2 0
3 3 1

|2 vs 4|

/30
2
1
1
4
0 0 1
0 1 1
1 0 0
1 0 1

3
1
2
6
0 0 0
0 0 1
1 0 0
1 2 1
2 1 0
2 2 1

|2 vs 3|

/31
2
1
1
5
0 1 0
0 0 1
0 1 1
1 0 0
1 0 1

3
2
1
2
6
0 1 0
0 2 1
1 0 0
1 0 1
2 2 0
2 2 1

|2 vs 3|

/32
2
1
1
2
0 1 0
1 1 1

3
1
2
6
0 0 0
0 0 1
1 2 0
1 0 1
2 0 0
2 2 1

|2 vs 3|

/33
2
2
0
1
3
0 0 0
0 1 0
1 1 1

4
3
1
2
3
8
0 0 0
0 0 1
1 3 0
1 0 1
2 0 0
2 2 1
3 3 0
3 2 1

|2 vs 4|

/34
2
1
1
3
0 1 0
1 0 0
1 1 1

3
1
2
6
0 0 0
0 0 1
1 2 0
1 0 1
2 1 0
2 2 1

|2 vs 3|

/35
2
1
0
4
0 0 0
0 1 0
1 0 0
1 1 1

4
2
1
3
8
0 0 0
0 0 1
1 3 0
1 0 1
2 1 0
2 2 1
3 3 0
3 2 1

|2 vs 4|

/36
2
2
0
1
4
0 0 0
0 1 0
1 0 0
1 1 1

4
3
1
2
3
8
0 0 0
0 0 1
1 3 0
1 0 1
2 1 0
2 2 1
3 3 0
3 2 1

|2 vs 4|

/37
2
2
0
1
3
0 1 0
0 0 1
1 1 1

3
2
1
2
6
0 0 0
0 0 1
1 0 0
1 1 1
2 1 0
2 2 1

|2 vs 3|

/38
2
1
1
4
0 0 0
0 1 0
0 0 1
1 1 1

2
1
1
4
0 1 0
0 0 1
1 1 0
1 1 1

|2 vs 2|

/39
2
1
0
4
0 1 0
0 0 1
1 0 0
1 1 1

2
1
0
4
0 1 0
0 0 1
1 0 0
1 1 1

|2 vs 2|

/40
2
1
1
3
0 0 0
0 1 1
1 1 1

3
1
2
6
0 0 0
0 0 1
1 1 0
1 2 1
2 0 0
2 2 1

|2 vs 3|

/41
2
2
0
1
3
0 1 0
0 1 1
1 1 1

3
2
1
2
6
0 0 0
0 0 1
1 0 0
1 1 1
2 1 0
2 1 1

|2 vs 3|

/42
2
1
1
4
0 0 0
0 1 0
0 1 1
1 1 1

4
2
2
3
8
0 0 0
0 0 1
1 3 0
1 2 1
2 0 0
2 2 1
3 3 0
3 2 1

|2 vs 4|

/43
2
1
0
3
0 1 1
1 0 0
1 1 1

3
1
1
6
0 0 0
0 0 1
1 0 0
1 2 1
2 1 0
2 2 1

|2 vs 3|

/44
2
2
0
1
3
0 1 1
1 0 0
1 1 1

3
2
1
2
6
0 0 0
0 0 1
1 0 0
1 2 1
2 1 0
2 2 1

|2 vs 3|

/45
2
1
1
4
0 0 0
0 1 1
1 0 0
1 1 1

2
1
1
4
0 0 0
0 1 1
1 0 0
1 1 1

|2 vs 2|

/46
2
1
0
4
0 1 0
0 1 1
1 0 0
1 1 1

2
1
0
4
0 1 0
0 1 1
1 0 0
1 1 1

|2 vs 2|

/47
2
1
1
5
0 0 0
0 1 0
0 1 1
1 0 0
1 1 1

3
2
1
2
6
0 2 0
0 1 1
1 0 0
1 1 1
2 2 0
2 1 1

|2 vs 3|

/48
2
2
0
1
3
0 1 1
1 1 0
1 1 1

3
2
1
2
6
0 0 0
0 0 1
1 0 0
1 2 1
2 2 0
2 2 1

|2 vs 3|

/49
2
1
1
4
0 0 0
0 1 1
1 1 0
1 1 1

2
1
1
4
0 0 0
0 1 1
1 1 0
1 1 1

|2 vs 2|

/50
2
1
1
4
0 1 0
0 0 1
0 1 1
1 1 1

4
2
2
3
8
0 0 0
0 0 1
1 2 0
1 3 1
2 0 0
2 2 1
3 2 0
3 3 1

|2 vs 4|

/51
2
1
1
5
0 1 0
0 0 1
0 1 1
1 0 0
1 1 1

3
2
1
2
6
0 1 0
0 2 1
1 0 0
1 1 1
2 2 0
2 2 1

|2 vs 3|

/52
2
1
1
4
0 0 1
0 1 1
1 1 0
1 1 1

3
1
2
6
0 0 0
0 0 1
1 0 0
1 2 1
2 2 0
2 2 1

|2 vs 3|

/53
2
1
1
5
0 1 0
0 0 1
0 1 1
1 1 0
1 1 1

2
1
1
4
0 1 0
0 1 1
1 1 0
1 1 1

|2 vs 2|

/54
2
1
1
3
0 1 0
1 0 1
1 1 1

4
2
2
3
8
0 0 0
0 0 1
1 2 0
1 0 1
2 0 0
2 3 1
3 2 0
3 3 1

|2 vs 4|

/55
2
1
0
4
0 0 0
0 1 0
1 0 1
1 1 1

3
2
1
2
6
0 0 0
0 0 1
1 2 0
1 0 1
2 2 0
2 2 1

|2 vs 3|

/56
2
1
1
4
0 1 0
1 0 0
1 0 1
1 1 1

4
2
2
3
8
0 0 0
0 0 1
1 2 0
1 0 1
2 1 0
2 3 1
3 3 0
3 3 1

|2 vs 4|

/57
2
1
1
4
0 1 0
1 1 0
1 0 1
1 1 1

3
1
2
6
0 0 0
0 0 1
1 2 0
1 0 1
2 2 0
2 2 1

|2 vs 3|

/58
2
1
0
5
0 1 0
0 0 1
1 0 0
1 0 1
1 1 1

3
2
0
2
6
0 1 0
0 0 1
1 0 0
1 2 1
2 2 0
2 2 1

|2 vs 3|

/59
2
1
0
5
0 1 0
0 0 1
1 1 0
1 0 1
1 1 1

2
1
1
4
0 0 0
0 1 1
1 0 0
1 1 1

|2 vs 2|

/60
2
1
0
3
0 1 1
1 0 1
1 1 1

4
2
1
3
8
0 0 0
0 0 1
1 0 0
1 2 1
2 0 0
2 3 1
3 0 0
3 3 1

|2 vs 4|

/61
2
1
1
4
0 0 0
0 1 1
1 0 1
1 1 1

4
2
2
3
8
0 0 0
0 0 1
1 1 0
1 2 1
2 0 0
2 3 1
3 1 0
3 3 1

|2 vs 4|

/62
2
1
0
4
0 1 0
0 1 1
1 0 1
1 1 1

4
2
1
3
8
0 0 0
0 0 1
1 2 0
1 2 1
2 0 0
2 3 1
3 2 0
3 3 1

|2 vs 4|

/63
2
2
0
1
4
0 1 0
0 1 1
1 0 1
1 1 1

4
3
1
2
3
8
0 0 0
0 0 1
1 2 0
1 2 1
2 0 0
2 3 1
3 2 0
3 3 1

|2 vs 4|

/64
2
1
1
5
0 0 0
0 1 0
0 1 1
1 0 1
1 1 1

4
2
2
3
8
0 0 0
0 0 1
1 3 0
1 2 1
2 0 0
2 3 1
3 3 0
3 3 1

|2 vs 4|

/65
2
1
0
4
0 1 1
1 0 0
1 0 1
1 1 1

4
2
1
3
8
0 0 0
0 0 1
1 0 0
1 2 1
2 1 0
2 3 1
3 1 0
3 3 1

|2 vs 4|

/66
2
1
0
5
0 1 0
0 1 1
1 0 0
1 0 1
1 1 1

3
2
0
2
6
0 1 0
0 1 1
1 0 0
1 2 1
2 2 0
2 2 1

|2 vs 3|

/67
2
1
1
6
0 0 0
0 1 0
0 1 1
1 0 0
1 0 1
1 1 1

3
2
1
2
6
0 2 0
0 1 1
1 0 0
1 2 1
2 2 0
2 2 1

|2 vs 3|

/68
2
1
0
4
0 1 1
1 1 0
1 0 1
1 1 1

4
2
1
3
8
0 0 0
0 0 1
1 0 0
1 2 1
2 2 0
2 3 1
3 2 0
3 3 1

|2 vs 4|

/69
2
1
0
5
0 1 0
0 1 1
1 1 0
1 0 1
1 1 1

3
2
0
2
6
0 1 0
0 1 1
1 1 0
1 2 1
2 1 0
2 2 1

|2 vs 3|

/70
2
1
0
5
0 1 1
1 0 0
1 1 0
1 0 1
1 1 1

4
2
1
3
8
0 0 0
0 0 1
1 0 0
1 2 1
2 3 0
2 3 1
3 3 0
3 3 1

|2 vs 4|

/71
2
1
0
6
0 1 0
0 1 1
1 0 0
1 1 0
1 0 1
1 1 1

3
2
0
2
6
0 1 0
0 1 1
1 2 0
1 2 1
2 2 0
2 2 1

|2 vs 3|

/72
2
1
1
5
0 1 0
0 0 1
0 1 1
1 0 1
1 1 1

4
2
2
3
8
0 0 0
0 0 1
1 2 0
1 3 1
2 0 0
2 3 1
3 2 0
3 3 1

|2 vs 4|

/73
2
1
1
6
0 1 0
0 0 1
0 1 1
1 0 0
1 0 1
1 1 1

3
2
1
2
6
0 1 0
0 2 1
1 0 0
1 2 1
2 2 0
2 2 1

|2 vs 3|

/74
2
1
1
1
0 1 0

3
1
2
6
0 0 0
0 0 1
1 2 0
1 0 1
2 0 0
2 0 1

|2 vs 3|

/75
2
1
1
2
0 1 0
1 0 0

3
1
2
6
0 0 0
0 0 1
1 2 0
1 0 1
2 1 0
2 0 1

|2 vs 3|

/76
2
1
1
1
0 1 1

3
1
2
6
0 0 0
0 0 1
1 0 0
1 2 1
2 0 0
2 0 1

|2 vs 3|

/77
2
2
0
1
2
0 0 0
0 1 1

3
2
1
2
6
0 0 0
0 0 1
1 0 0
1 0 1
2 2 0
2 1 1

|2 vs 3|

/78
2
1
1
2
0 1 0
0 1 1

3
1
2
6
0 0 0
0 0 1
1 2 0
1 2 1
2 0 0
2 0 1

|2 vs 3|

/79
2
2
0
1
3
0 1 0
0 0 1
0 1 1

3
2
1
2
6
0 0 0
0 0 1
1 0 0
1 0 1
2 1 0
2 2 1

|2 vs 3|

/80
2
1
0
2
0 1 0
1 0 1

3
1
1
6
0 0 0
0 0 1
1 2 0
1 0 1
2 0 0
2 1 1

|2 vs 3|

/81
2
2
0
1
2
0 1 0
1 0 1

3
2
1
2
6
0 0 0
0 0 1
1 2 0
1 0 1
2 0 0
2 1 1

|2 vs 3|

/82
2
1
1
3
0 0 0
0 1 0
1 0 1

3
1
2
6
0 0 0
0 0 1
1 2 0
1 0 1
2 2 0
2 1 1

|2 vs 3|

/83
2
1
1
3
0 1 0
0 0 1
1 0 1

3
1
2
6
0 0 0
0 0 1
1 2 0
1 1 1
2 0 0
2 1 1

|2 vs 3|

/84
2
1
1
2
0 1 1
1 0 1

3
1
2
6
0 0 0
0 0 1
1 0 0
1 2 1
2 0 0
2 1 1

|2 vs 3|

/85
2
1
0
3
0 0 0
0 1 1
1 0 1

3
1
1
6
0 0 0
0 0 1
1 1 0
1 2 1
2 0 0
2 1 1

|2 vs 3|

/86
2
2
0
1
3
0 0 0
0 1 1
1 0 1

3
2
1
2
6
0 0 0
0 0 1
1 1 0
1 2 1
2 0 0
2 1 1

|2 vs 3|

/87
2
1
1
3
0 1 0
0 1 1
1 0 1

3
1
2
6
0 0 0
0 0 1
1 2 0
1 2 1
2 0 0
2 1 1

|2 vs 3|

/88
2
1
0
4
0 0 0
0 1 0
0 1 1
1 0 1

4
2
1
3
8
0 0 0
0 0 1
1 3 0
1 2 1
2 0 0
2 1 1
3 3 0
3 3 1

|2 vs 4|

/89
2
2
0
1
4
0 0 0
0 1 0
0 1 1
1 0 1

4
3
1
2
3
8
0 0 0
0 0 1
1 3 0
1 2 1
2 0 0
2 1 1
3 3 0
3 3 1

|2 vs 4|

/90
2
1
1
3
0 1 1
1 0 0
1 0 1

3
1
2
6
0 0 0
0 0 1
1 0 0
1 2 1
2 1 0
2 1 1

|2 vs 3|

/91
2
1
0
4
0 0 0
0 1 1
1 0 0
1 0 1

2
1
0
4
0 0 0
0 1 1
1 0 0
1 0 1

|2 vs 2|

/92
2
1
1
4
0 1 0
0 1 1
1 0 0
1 0 1

2
1
1
4
0 1 0
0 1 1
1 0 0
1 0 1

|2 vs 2|

/93
2
1
0
5
0 1 0
0 0 1
0 1 1
1 0 0
1 0 1

3
2
0
2
6
0 1 0
0 2 1
1 0 0
1 0 1
2 2 0
2 2 1

|2 vs 3|

/94
2
2
0
1
2
0 1 0
1 1 1

3
2
1
2
6
0 0 0
0 0 1
1 2 0
1 0 1
2 0 0
2 2 1

|2 vs 3|

/95
2
1
1
3
0 0 0
0 1 0
1 1 1

4
2
2
3
8
0 0 0
0 0 1
1 3 0
1 0 1
2 0 0
2 2 1
3 3 0
3 2 1

|2 vs 4|

/96
2
1
0
3
0 1 0
1 0 0
1 1 1

3
1
1
6
0 0 0
0 0 1
1 2 0
1 0 1
2 1 0
2 2 1

|2 vs 3|

/97
2
2
0
1
3
0 1 0
1 0 0
1 1 1

3
2
1
2
6
0 0 0
0 0 1
1 2 0
1 0 1
2 1 0
2 2 1

|2 vs 3|

/98
2
1
1
4
0 0 0
0 1 0
1 0 0
1 1 1

4
2
2
3
8
0 0 0
0 0 1
1 3 0
1 0 1
2 1 0
2 2 1
3 3 0
3 2 1

|2 vs 4|

/99
2
1
1
3
0 1 0
0 0 1
1 1 1

3
1
2
6
0 0 0
0 0 1
1 2 0
1 1 1
2 0 0
2 2 1

|2 vs 3|

/100
2
1
1
4
0 1 0
0 0 1
1 0 0
1 1 1

2
1
1
4
0 1 0
0 0 1
1 0 0
1 1 1

|2 vs 2|

/101
2
2
0
1
3
0 0 0
0 1 1
1 1 1

3
2
1
2
6
0 0 0
0 0 1
1 0 0
1 1 1
2 2 0
2 1 1

|2 vs 3|

/102
2
1
1
3
0 1 0
0 1 1
1 1 1

3
1
2
6
0 0 0
0 0 1
1 2 0
1 2 1
2 0 0
2 2 1

|2 vs 3|

/103
2
1
0
4
0 0 0
0 1 1
1 0 0
1 1 1

2
1
1
4
0 1 0
0 0 1
1 1 0
1 0 1

|2 vs 2|

/104
2
1
1
4
0 1 0
0 1 1
1 0 0
1 1 1

2
1
1
4
0 1 0
0 1 1
1 0 0
1 1 1

|2 vs 2|

/105
2
1
0
5
0 1 0
0 0 1
0 1 1
1 0 0
1 1 1

3
2
0
2
6
0 1 0
0 2 1
1 0 0
1 1 1
2 2 0
2 2 1

|2 vs 3|

/106
2
1
0
3
0 1 0
1 0 1
1 1 1

4
2
1
3
8
0 0 0
0 0 1
1 2 0
1 0 1
2 0 0
2 3 1
3 2 0
3 3 1

|2 vs 4|

/107
2
2
0
1
3
0 1 0
1 0 1
1 1 1

4
3
1
2
3
8
0 0 0
0 0 1
1 2 0
1 0 1
2 0 0
2 3 1
3 2 0
3 3 1

|2 vs 4|

/108
2
1
0
4
0 1 0
1 0 0
1 0 1
1 1 1

4
2
1
3
8
0 0 0
0 0 1
1 2 0
1 0 1
2 1 0
2 3 1
3 3 0
3 3 1

|2 vs 4|

/109
2
2
0
1
4
0 1 0
1 0 0
1 0 1
1 1 1

4
3
1
2
3
8
0 0 0
0 0 1
1 2 0
1 0 1
2 1 0
2 3 1
3 3 0
3 3 1

|2 vs 4|

/110
2
1
0
4
0 1 0
1 1 0
1 0 1
1 1 1

4
2
1
3
8
0 0 0
0 0 1
1 2 0
1 0 1
2 2 0
2 3 1
3 2 0
3 3 1

|2 vs 4|

/111
2
1
1
4
0 1 0
0 0 1
1 0 1
1 1 1

4
2
2
3
8
0 0 0
0 0 1
1 2 0
1 1 1
2 0 0
2 3 1
3 2 0
3 3 1

|2 vs 4|

/112
2
1
1
5
0 1 0
0 0 1
1 0 0
1 0 1
1 1 1

3
2
1
2
6
0 1 0
0 0 1
1 0 0
1 2 1
2 2 0
2 2 1

|2 vs 3|

/113
2
1
0
4
0 0 0
0 1 1
1 0 1
1 1 1

4
2
1
3
8
0 0 0
0 0 1
1 1 0
1 2 1
2 0 0
2 3 1
3 1 0
3 3 1

|2 vs 4|

/114
2
2
0
1
4
0 0 0
0 1 1
1 0 1
1 1 1

4
3
1
2
3
8
0 0 0
0 0 1
1 1 0
1 2 1
2 0 0
2 3 1
3 1 0
3 3 1

|2 vs 4|

/115
2
1
1
4
0 1 0
0 1 1
1 0 1
1 1 1

4
2
2
3
8
0 0 0
0 0 1
1 2 0
1 2 1
2 0 0
2 3 1
3 2 0
3 3 1

|2 vs 4|

/116
2
1
0
5
0 0 0
0 1 0
0 1 1
1 0 1
1 1 1

4
2
1
3
8
0 0 0
0 0 1
1 3 0
1 2 1
2 0 0
2 3 1
3 3 0
3 3 1

|2 vs 4|

/117
2
2
0
1
5
0 0 0
0 1 0
0 1 1
1 0 1
1 1 1

4
3
1
2
3
8
0 0 0
0 0 1
1 3 0
1 2 1
2 0 0
2 3 1
3 3 0
3 3 1

|2 vs 4|

/118
2
1
0
5
0 0 0
0 1 1
1 0 0
1 0 1
1 1 1

3
2
0
2
6
0 0 0
0 1 1
1 0 0
1 2 1
2 0 0
2 2 1

|2 vs 3|

/119
2
1
1
5
0 1 0
0 1 1
1 0 0
1 0 1
1 1 1

3
2
1
2
6
0 1 0
0 1 1
1 0 0
1 2 1
2 2 0
2 2 1

|2 vs 3|

/120
2
1
0
6
0 0 0
0 1 0
0 1 1
1 0 0
1 0 1
1 1 1

3
2
0
2
6
0 2 0
0 1 1
1 0 0
1 2 1
2 2 0
2 2 1

|2 vs 3|

/121
2
1
0
5
0 0 0
0 1 1
1 1 0
1 0 1
1 1 1

3
2
0
2
6
0 0 0
0 1 1
1 1 0
1 2 1
2 2 0
2 2 1

|2 vs 3|

/122
2
1
0
6
0 0 0
0 1 0
0 1 1
1 1 0
1 0 1
1 1 1

3
2
0
2
6
0 2 0
0 1 1
1 1 0
1 2 1
2 2 0
2 2 1

|2 vs 3|

/123
2
1
0
6
0 0 0
0 1 1
1 0 0
1 1 0
1 0 1
1 1 1

3
2
0
2
6
0 0 0
0 1 1
1 2 0
1 2 1
2 2 0
2 2 1

|2 vs 3|

/124
2
1
0
6
0 1 0
0 0 1
0 1 1
1 0 0
1 0 1
1 1 1

3
2
0
2
6
0 1 0
0 2 1
1 0 0
1 2 1
2 2 0
2 2 1

|2 vs 3|

/125
2
1
0
5
0 0 1
0 1 1
1 1 0
1 0 1
1 1 1

4
2
1
3
8
0 0 0
0 0 1
1 0 0
1 3 1
2 2 0
2 3 1
3 2 0
3 3 1

|2 vs 4|

/126
2
1
0
7
0 1 0
0 0 1
0 1 1
1 0 0
1 1 0
1 0 1
1 1 1

3
2
0
2
6
0 1 0
0 2 1
1 2 0
1 2 1
2 2 0
2 2 1

|2 vs 3|

/127
2
1
1
2
0 1 0
0 0 1

3
1
2
6
0 0 0
0 0 1
1 2 0
1 1 1
2 0 0
2 0 1

|2 vs 3|

/128
2
1
1
3
0 0 0
0 1 0
0 1 1

4
2
2
3
8
0 0 0
0 0 1
1 3 0
1 2 1
2 0 0
2 0 1
3 3 0
3 2 1

|2 vs 4|

/129
2
1
1
2
0 1 1
1 0 0

3
1
2
6
0 0 0
0 0 1
1 0 0
1 2 1
2 1 0
2 0 1

|2 vs 3|

/130
2
1
0
3
0 0 0
0 1 1
1 0 0

3
1
2
6
0 0 0
0 0 1
1 2 0
1 0 1
2 2 0
2 1 1

|2 vs 3|

/131
2
2
0
1
3
0 0 0
0 1 1
1 0 0

3
2
1
2
6
0 0 0
0 0 1
1 2 0
1 0 1
2 2 0
2 1 1

|2 vs 3|

/132
2
1
1
3
0 1 0
0 0 1
1 0 0

3
1
2
6
0 0 0
0 0 1
1 2 0
1 1 1
2 1 0
2 0 1

|2 vs 3|

/133
2
1
0
3
0 1 0
0 1 1
1 0 0

3
1
1
6
0 0 0
0 0 1
1 2 0
1 2 1
2 1 0
2 0 1

|2 vs 3|

/134
2
2
0
1
3
0 1 0
0 1 1
1 0 0

3
2
1
2
6
0 0 0
0 0 1
1 2 0
1 2 1
2 1 0
2 0 1

|2 vs 3|

/135
2
1
1
4
0 1 0
0 0 1
0 1 1
1 0 0

4
2
2
3
8
0 0 0
0 0 1
1 2 0
1 3 1
2 1 0
2 0 1
3 3 0
3 3 1

|2 vs 4|

/136
2
1
0
3
0 1 0
1 0 0
1 0 1

3
1
1
6
0 0 0
0 0 1
1 2 0
1 0 1
2 1 0
2 1 1

|2 vs 3|

/137
2
2
0
1
3
0 1 0
1 0 0
1 0 1

3
2
1
2
6
0 0 0
0 0 1
1 2 0
1 0 1
2 1 0
2 1 1

|2 vs 3|

/138
2
1
1
4
0 1 0
0 0 1
1 0 0
1 0 1

2
1
1
4
0 1 0
0 0 1
1 0 0
1 0 1

|2 vs 2|

/139
2
1
1
4
0 0 0
0 1 0
0 1 1
1 0 0

4
2
2
3
8
0 0 0
0 0 1
1 3 0
1 2 1
2 1 0
2 0 1
3 3 0
3 2 1

|2 vs 4|

/140
2
1
1
5
0 0 0
0 1 0
0 1 1
1 0 0
1 0 1

3
2
1
2
6
0 2 0
0 1 1
1 0 0
1 0 1
2 2 0
2 2 1

|2 vs 3|

/141
2
1
1
2
0 1 1
1 1 0

3
1
2
6
0 0 0
0 0 1
1 0 0
1 2 1
2 2 0
2 0 1

|2 vs 3|

/142
2
2
0
1
3
0 0 1
0 1 1
1 1 0

4
3
1
2
3
8
0 0 0
0 0 1
1 0 0
1 3 1
2 2 0
2 0 1
3 2 0
3 3 1

|2 vs 4|

/143
2
1
1
3
0 1 1
1 1 0
1 0 1

3
1
2
6
0 0 0
0 0 1
1 0 0
1 2 1
2 2 0
2 1 1

|2 vs 3|

/144
2
1
0
4
0 0 1
0 1 1
1 1 0
1 0 1

4
2
1
3
8
0 0 0
0 0 1
1 0 0
1 3 1
2 2 0
2 1 1
3 2 0
3 3 1

|2 vs 4|

/145
2
2
0
1
4
0 0 1
0 1 1
1 1 0
1 0 1

4
3
1
2
3
8
0 0 0
0 0 1
1 0 0
1 3 1
2 2 0
2 1 1
3 2 0
3 3 1

|2 vs 4|

/146
2
2
0
1
3
0 0 0
0 1 1
1 1 0

3
2
1
2
6
0 0 0
0 0 1
1 1 0
1 0 1
2 2 0
2 1 1

|2 vs 3|

/147
2
1
0
4
0 0 0
0 1 1
1 1 0
1 0 1

2
1
0
4
0 0 0
0 1 1
1 1 0
1 0 1

|2 vs 2|

/148
2
1
1
3
0 1 0
0 0 1
1 1 0

3
1
2
6
0 0 0
0 0 1
1 2 0
1 1 1
2 2 0
2 0 1

|2 vs 3|

/149
2
2
0
1
3
0 1 0
0 1 1
1 1 0

3
2
1
2
6
0 0 0
0 0 1
1 1 0
1 0 1
2 1 0
2 1 1

|2 vs 3|

/150
2
1
1
4
0 1 0
0 0 1
0 1 1
1 1 0

4
2
2
3
8
0 0 0
0 0 1
1 2 0
1 3 1
2 2 0
2 0 1
3 2 0
3 3 1

|2 vs 4|

/151
2
1
0
3
0 1 0
1 1 0
1 0 1

3
1
1
6
0 0 0
0 0 1
1 2 0
1 0 1
2 2 0
2 1 1

|2 vs 3|

/152
2
1
0
4
0 1 0
0 1 1
1 1 0
1 0 1

2
1
0
4
0 1 0
0 1 1
1 1 0
1 0 1

|2 vs 2|

/153
2
1
1
5
0 1 0
0 0 1
0 1 1
1 1 0
1 0 1

3
2
1
2
6
0 1 0
0 2 1
1 1 0
1 0 1
2 1 0
2 2 1

|2 vs 3|

/154
2
1
1
4
0 0 0
0 1 0
0 1 1
1 1 0

4
2
2
3
8
0 0 0
0 0 1
1 3 0
1 2 1
2 2 0
2 0 1
3 3 0
3 2 1

|2 vs 4|

/155
2
1
1
5
0 0 0
0 1 0
0 1 1
1 1 0
1 0 1

3
2
1
2
6
0 2 0
0 1 1
1 1 0
1 0 1
2 2 0
2 2 1

|2 vs 3|

/156
2
1
1
3
0 1 1
1 0 0
1 1 0

4
2
2
3
8
0 0 0
0 0 1
1 0 0
1 2 1
2 3 0
2 0 1
3 3 0
3 2 1

|2 vs 4|

/157
2
1
1
4
0 1 1
1 0 0
1 1 0
1 0 1

4
2
2
3
8
0 0 0
0 0 1
1 0 0
1 2 1
2 3 0
2 1 1
3 3 0
3 3 1

|2 vs 4|

/158
2
1
0
5
0 0 0
0 1 1
1 0 0
1 1 0
1 0 1

3
2
0
2
6
0 0 0
0 1 1
1 2 0
1 0 1
2 2 0
2 2 1

|2 vs 3|

/159
2
1
1
4
0 1 0
0 0 1
1 0 0
1 1 0

4
2
2
3
8
0 0 0
0 0 1
1 2 0
1 1 1
2 3 0
2 0 1
3 3 0
3 1 1

|2 vs 4|

/160
2
1
0
4
0 1 0
0 1 1
1 0 0
1 1 0

4
2
1
3
8
0 0 0
0 0 1
1 2 0
1 2 1
2 3 0
2 0 1
3 3 0
3 2 1

|2 vs 4|

/161
2
2
0
1
4
0 1 0
0 1 1
1 0 0
1 1 0

4
3
1
2
3
8
0 0 0
0 0 1
1 2 0
1 2 1
2 3 0
2 0 1
3 3 0
3 2 1

|2 vs 4|

/162
2
1
1
5
0 1 0
0 0 1
0 1 1
1 0 0
1 1 0

4
2
2
3
8
0 0 0
0 0 1
1 2 0
1 3 1
2 3 0
2 0 1
3 3 0
3 3 1

|2 vs 4|

/163
2
1
0
4
0 1 0
1 0 0
1 1 0
1 0 1

4
2
1
3
8
0 0 0
0 0 1
1 2 0
1 0 1
2 3 0
2 1 1
3 3 0
3 1 1

|2 vs 4|

/164
2
1
0
5
0 1 0
0 1 1
1 0 0
1 1 0
1 0 1

3
2
0
2
6
0 1 0
0 1 1
1 2 0
1 0 1
2 2 0
2 2 1

|2 vs 3|

/165
2
1
1
6
0 1 0
0 0 1
0 1 1
1 0 0
1 1 0
1 0 1

3
2
1
2
6
0 1 0
0 2 1
1 2 0
1 0 1
2 2 0
2 2 1

|2 vs 3|

/166
2
1
0
4
0 1 0
1 0 0
1 1 0
1 1 1

4
2
1
3
8
0 0 0
0 0 1
1 2 0
1 0 1
2 3 0
2 2 1
3 3 0
3 2 1

|2 vs 4|

/167
2
1
0
5
0 1 0
0 1 1
1 0 0
1 1 0
1 1 1

3
2
0
2
6
0 1 0
0 1 1
1 2 0
1 1 1
2 2 0
2 1 1

|2 vs 3|

/168
2
1
0
5
0 1 0
1 0 0
1 1 0
1 0 1
1 1 1

4
2
1
3
8
0 0 0
0 0 1
1 2 0
1 0 1
2 3 0
2 3 1
3 3 0
3 3 1

|2 vs 4|

/169
2
1
1
5
0 0 0
0 1 0
0 1 1
1 0 0
1 1 0

4
2
2
3
8
0 0 0
0 0 1
1 3 0
1 2 1
2 3 0
2 0 1
3 3 0
3 2 1

|2 vs 4|

/170
2
1
1
6
0 0 0
0 1 0
0 1 1
1 0 0
1 1 0
1 0 1

3
2
1
2
6
0 2 0
0 1 1
1 2 0
1 0 1
2 2 0
2 2 1

|2 vs 3|

/171
2
1
0
2
0 1 1
1 0 0

3
1
1
6
0 0 0
0 0 1
1 0 0
1 2 1
2 1 0
2 0 1

|2 vs 3|

/172
2
2
0
1
2
0 1 1
1 0 0

3
2
1
2
6
0 0 0
0 0 1
1 0 0
1 2 1
2 1 0
2 0 1

|2 vs 3|

/173
2
1
1
3
0 0 0
0 1 1
1 0 0

3
1
2
6
0 0 0
0 0 1
1 1 0
1 2 1
2 1 0
2 0 1

|2 vs 3|

/174
2
1
0
3
0 1 0
0 0 1
1 0 0

3
1
1
6
0 0 0
0 0 1
1 2 0
1 1 1
2 1 0
2 0 1

|2 vs 3|

/175
2
2
0
1
3
0 1 0
0 0 1
1 0 0

3
2
1
2
6
0 0 0
0 0 1
1 2 0
1 1 1
2 1 0
2 0 1

|2 vs 3|

/176
2
1
1
3
0 1 0
0 1 1
1 0 0

3
1
2
6
0 0 0
0 0 1
1 2 0
1 2 1
2 1 0
2 0 1

|2 vs 3|

/177
2
1
0
4
0 1 0
0 0 1
0 1 1
1 0 0

4
2
1
3
8
0 0 0
0 0 1
1 2 0
1 3 1
2 1 0
2 0 1
3 3 0
3 3 1

|2 vs 4|

/178
2
2
0
1
4
0 1 0
0 0 1
0 1 1
1 0 0

4
3
1
2
3
8
0 0 0
0 0 1
1 2 0
1 3 1
2 1 0
2 0 1
3 3 0
3 3 1

|2 vs 4|

/179
2
1
1
3
0 1 0
1 0 0
1 0 1

3
1
2
6
0 0 0
0 0 1
1 2 0
1 0 1
2 1 0
2 1 1

|2 vs 3|

/180
2
1
0
4
0 1 0
0 0 1
1 0 0
1 0 1

2
1
0
4
0 1 0
0 0 1
1 0 0
1 0 1

|2 vs 2|

/181
2
1
0
5
0 0 0
0 1 0
0 1 1
1 0 0
1 0 1

3
2
0
2
6
0 2 0
0 1 1
1 0 0
1 0 1
2 2 0
2 2 1

|2 vs 3|

/182
2
2
0
1
2
0 1 1
1 1 0

3
2
1
2
6
0 0 0
0 0 1
1 0 0
1 2 1
2 2 0
2 0 1

|2 vs 3|

/183
2
1
1
3
0 0 1
0 1 1
1 1 0

4
2
2
3
8
0 0 0
0 0 1
1 0 0
1 3 1
2 2 0
2 0 1
3 2 0
3 3 1

|2 vs 4|

/184
2
1
0
3
0 1 1
1 1 0
1 0 1

3
1
1
6
0 0 0
0 0 1
1 0 0
1 2 1
2 2 0
2 1 1

|2 vs 3|

/185
2
2
0
1
3
0 1 1
1 1 0
1 0 1

3
2
1
2
6
0 0 0
0 0 1
1 0 0
1 2 1
2 2 0
2 1 1

|2 vs 3|

/186
2
1
1
4
0 0 1
0 1 1
1 1 0
1 0 1

4
2
2
3
8
0 0 0
0 0 1
1 0 0
1 3 1
2 2 0
2 1 1
3 2 0
3 3 1

|2 vs 4|

/187
2
1
1
3
0 0 0
0 1 1
1 1 0

3
1
2
6
0 0 0
0 0 1
1 1 0
1 2 1
2 2 0
2 0 1

|2 vs 3|

/188
2
1
1
4
0 0 0
0 1 1
1 1 0
1 0 1

2
1
1
4
0 0 0
0 1 1
1 1 0
1 0 1

|2 vs 2|

/189
2
2
0
1
3
0 1 0
0 0 1
1 1 0

3
2
1
2
6
0 0 0
0 0 1
1 1 0
1 0 1
2 1 0
2 2 1

|2 vs 3|

/190
2
1
1
3
0 1 0
0 1 1
1 1 0

3
1
2
6
0 0 0
0 0 1
1 2 0
1 2 1
2 2 0
2 0 1

|2 vs 3|

/191
2
1
1
4
0 1 0
0 1 1
1 1 0
1 0 1

2
1
1
4
0 1 0
0 1 1
1 1 0
1 0 1

|2 vs 2|

/192
2
1
0
5
0 0 0
0 1 0
0 1 1
1 1 0
1 0 1

3
2
0
2
6
0 2 0
0 1 1
1 1 0
1 0 1
2 2 0
2 2 1

|2 vs 3|

/193
2
1
0
3
0 1 1
1 0 0
1 1 0

4
2
1
3
8
0 0 0
0 0 1
1 0 0
1 2 1
2 3 0
2 0 1
3 3 0
3 2 1

|2 vs 4|

/194
2
2
0
1
3
0 1 1
1 0 0
1 1 0

4
3
1
2
3
8
0 0 0
0 0 1
1 0 0
1 2 1
2 3 0
2 0 1
3 3 0
3 2 1

|2 vs 4|

/195
2
1
0
4
0 1 1
1 0 0
1 1 0
1 0 1

4
2
1
3
8
0 0 0
0 0 1
1 0 0
1 2 1
2 3 0
2 1 1
3 3 0
3 3 1

|2 vs 4|

/196
2
2
0
1
4
0 1 1
1 0 0
1 1 0
1 0 1

4
3
1
2
3
8
0 0 0
0 0 1
1 0 0
1 2 1
2 3 0
2 1 1
3 3 0
3 3 1

|2 vs 4|

/197
2
1
0
4
0 1 1
1 0 0
1 1 0
1 1 1

4
2
1
3
8
0 0 0
0 0 1
1 0 0
1 2 1
2 3 0
2 2 1
3 3 0
3 2 1

|2 vs 4|

/198
2
1
1
4
0 0 0
0 1 1
1 0 0
1 1 0

4
2
2
3
8
0 0 0
0 0 1
1 1 0
1 2 1
2 3 0
2 0 1
3 3 0
3 2 1

|2 vs 4|

/199
2
1
1
5
0 0 0
0 1 1
1 0 0
1 1 0
1 0 1

3
2
1
2
6
0 0 0
0 1 1
1 2 0
1 0 1
2 2 0
2 2 1

|2 vs 3|

/200
2
1
0
4
0 1 0
0 0 1
1 0 0
1 1 0

4
2
1
3
8
0 0 0
0 0 1
1 2 0
1 1 1
2 3 0
2 0 1
3 3 0
3 1 1

|2 vs 4|

/201
2
2
0
1
4
0 1 0
0 0 1
1 0 0
1 1 0

4
3
1
2
3
8
0 0 0
0 0 1
1 2 0
1 1 1
2 3 0
2 0 1
3 3 0
3 1 1

|2 vs 4|

/202
2
1
1
4
0 1 0
0 1 1
1 0 0
1 1 0

4
2
2
3
8
0 0 0
0 0 1
1 2 0
1 2 1
2 3 0
2 0 1
3 3 0
3 2 1

|2 vs 4|

/203
2
1
0
5
0 1 0
0 0 1
0 1 1
1 0 0
1 1 0

4
2
1
3
8
0 0 0
0 0 1
1 2 0
1 3 1
2 3 0
2 0 1
3 3 0
3 3 1

|2 vs 4|

/204
2
2
0
1
5
0 1 0
0 0 1
0 1 1
1 0 0
1 1 0

4
3
1
2
3
8
0 0 0
0 0 1
1 2 0
1 3 1
2 3 0
2 0 1
3 3 0
3 3 1

|2 vs 4|

/205
2
1
0
5
0 1 0
0 0 1
1 0 0
1 1 0
1 0 1

3
2
0
2
6
0 1 0
0 0 1
1 2 0
1 0 1
2 2 0
2 0 1

|2 vs 3|

/206
2
1
1
5
0 1 0
0 1 1
1 0 0
1 1 0
1 0 1

3
2
1
2
6
0 1 0
0 1 1
1 2 0
1 0 1
2 2 0
2 2 1

|2 vs 3|

/207
2
1
0
6
0 1 0
0 0 1
0 1 1
1 0 0
1 1 0
1 0 1

3
2
0
2
6
0 1 0
0 2 1
1 2 0
1 0 1
2 2 0
2 2 1

|2 vs 3|

/208
2
1
0
5
0 1 0
0 0 1
1 0 0
1 1 0
1 1 1

3
2
0
2
6
0 1 0
0 0 1
1 2 0
1 1 1
2 2 0
2 2 1

|2 vs 3|

/209
2
1
0
6
0 1 0
0 0 1
0 1 1
1 0 0
1 1 0
1 1 1

3
2
0
2
6
0 1 0
0 2 1
1 2 0
1 1 1
2 2 0
2 2 1

|2 vs 3|

/210
2
1
0
6
0 1 0
0 0 1
1 0 0
1 1 0
1 0 1
1 1 1

3
2
0
2
6
0 1 0
0 0 1
1 2 0
1 2 1
2 2 0
2 2 1

|2 vs 3|

/211
2
1
0
6
0 0 0
0 1 0
0 1 1
1 0 0
1 1 0
1 0 1

3
2
0
2
6
0 2 0
0 1 1
1 2 0
1 0 1
2 2 0
2 2 1

|2 vs 3|

/212
2
1
0
5
0 0 0
0 1 0
1 0 0
1 1 0
1 1 1

4
2
1
3
8
0 0 0
0 0 1
1 3 0
1 0 1
2 3 0
2 2 1
3 3 0
3 2 1

|2 vs 4|

/213
2
1
0
7
0 0 0
0 1 0
0 1 1
1 0 0
1 1 0
1 0 1
1 1 1

3
2
0
2
6
0 2 0
0 1 1
1 2 0
1 2 1
2 2 0
2 2 1

|2 vs 3|

213
